720   0 1
622   0 2
356   0 2
890   0 1
192   1 2
621   1 2
932   1 1
282   1 1
267   2 1
862   2 1
539   2 1
896   2 2
467   3 2
972   3 1
132   3 1
567   3 1
759   4 1
752   4 1
265   4 1
 70   4 1
373   5 1
497   5 2
134   5 1
231   5 1
436   6 2
 56   6 2
802   6 2
324   6 2
160   7 1
 45   7 1
861   7 1
351   7 2
438   8 1
 98   8 2
214   8 1
925   8 2
964   9 1
287   9 2
424   9 2
743   9 1
123  10 1
801  10 2
583  10 1
907  10 2
463  11 1
366  11 2
623  11 1
429  11 2
897  12 2
343  12 1
457  12 1
744  12 1
824  13 1
854  13 1
907  13 2
879  13 2
 94  14 2
493  14 2
761  14 1
239  14 2
111  15 1
443  15 2
583  15 2
113  15 2
962  16 2
390  16 2
655  16 2
582  16 2
390  17 1
504  17 2
556  17 1
377  17 1
968  18 2
200  18 2
658  18 2
777  18 2
398  19 1
438  19 1
904  19 1
351  19 1
493  20 2
207  20 1
219  20 2
995  20 1
442  21 2
643  21 1
665  21 2
312  21 2
196  22 2
866  22 1
617  22 2
807  22 2
871  23 2
980  23 1
417  23 1
693  23 1
210  24 1
140  24 1
 22  24 2
324  24 1
832  25 2
695  25 1
217  25 2
842  25 2
818  26 1
917  26 1
121  26 2
 37  26 1
787  27 1
953  27 2
891  27 2
775  27 2
276  28 1
891  28 1
995  28 1
827  28 2
529  29 2
323  29 2
942  29 1
912  29 1
937  30 2
390  30 2
202  30 1
993  30 1
511  31 2
224  31 1
321  31 1
485  31 1
926  32 2
718  32 1
995  32 1
619  32 2
982  33 2
668  33 1
975  33 2
376  33 1
 99  34 1
616  34 1
626  34 1
952  34 2
922  35 2
 98  35 1
587  35 2
679  35 1
533  36 2
892  36 1
250  36 1
840  36 1
516  37 1
730  37 2
594  37 1
580  37 1
982  38 2
298  38 1
465  38 1
759  38 2
336  39 1
550  39 1
286  39 1
488  39 2
655  40 2
223  40 2
462  40 2
414  40 1
980  41 2
717  41 1
152  41 1
 75  41 1
125  42 1
430  42 2
361  42 1
472  42 2
830  43 2
866  43 1
544  43 2
383  43 1
113  44 1
994  44 2
 92  44 1
413  44 1
308  45 2
376  45 1
317  45 2
181  45 2
726  46 2
 82  46 2
137  46 2
132  46 2
241  47 2
452  47 2
760  47 1
220  47 1
797  48 2
716  48 1
857  48 1
223  48 2
110  49 1
391  49 1
159  49 2
397  49 2
461  50 2
654  50 1
263  50 1
943  50 2
292  51 1
538  51 2
731  51 2
696  51 1
936  52 1
245  52 1
 60  52 1
511  52 2
106  53 1
398  53 1
872  53 1
377  53 1
748  54 2
547  54 1
889  54 1
149  54 1
461  55 2
 28  55 1
597  55 1
470  55 1
698  56 2
669  56 2
957  56 2
271  56 2
602  57 2
854  57 2
472  57 1
837  57 1
532  58 2
483  58 2
937  58 2
807  58 1
106  59 2
395  59 2
911  59 1
 46  59 2
950  60 2
466  60 2
 79  60 2
173  60 1
752  61 1
 83  61 2
692  61 1
669  61 1
950  62 2
  2  62 2
980  62 1
435  62 1
748  63 2
907  63 1
464  63 2
178  63 2
992  64 1
 86  64 1
279  64 2
124  64 1
325  65 2
  4  65 1
844  65 1
466  65 1
761  66 2
121  66 1
 73  66 1
543  66 2
166  67 1
761  67 1
937  67 2
793  67 2
941  68 2
789  68 2
889  68 2
364  68 1
455  69 2
 85  69 1
628  69 1
428  69 2
215  70 1
112  70 1
275  70 2
881  70 1
105  71 2
697  71 1
761  71 1
401  71 1
156  72 1
972  72 2
649  72 1
758  72 2
246  73 2
451  73 1
428  73 1
335  73 2
505  74 1
232  74 2
949  74 2
647  74 1
959  75 1
530  75 2
601  75 2
954  75 1
441  76 1
803  76 2
171  76 2
344  76 2
356  77 2
481  77 2
746  77 1
586  77 2
198  78 1
669  78 2
771  78 2
671  78 1
817  79 1
535  79 1
987  79 1
845  79 2
560  80 1
 25  80 1
912  80 2
777  80 2
453  81 1
474  81 2
258  81 2
602  81 1
186  82 1
929  82 2
778  82 2
740  82 2
509  83 2
 90  83 1
784  83 2
301  83 2
918  84 2
396  84 2
104  84 2
497  84 1
833  85 2
450  85 2
477  85 2
285  85 1
441  86 1
723  86 1
198  86 2
580  86 1
790  87 1
116  87 1
289  87 2
430  87 1
561  88 2
174  88 2
777  88 2
169  88 1
315  89 2
752  89 1
150  89 2
403  89 2
162  90 1
 92  90 2
816  90 1
 66  90 2
368  91 1
850  91 1
831  91 1
297  91 2
705  92 2
643  92 2
 51  92 2
956  92 2
612  93 1
178  93 2
237  93 2
 81  93 1
167  94 1
606  94 1
340  94 1
566  94 2
422  95 1
285  95 1
544  95 1
314  95 1
270  96 1
780  96 2
739  96 2
536  96 1
216  97 1
651  97 1
998  97 1
367  97 2
106  98 1
157  98 2
956  98 1
 68  98 2
113  99 2
644  99 2
769  99 2
250  99 1
568 100 1
173 100 2
673 100 1
516 100 2
763 101 2
825 101 2
388 101 1
  9 101 2
626 102 2
621 102 2
406 102 2
337 102 2
766 103 1
719 103 1
218 103 1
982 103 2
244 104 2
513 104 1
154 104 2
415 104 2
751 105 1
654 105 2
435 105 1
738 105 2
514 106 1
657 106 2
120 106 2
814 106 2
651 107 2
928 107 1
681 107 1
890 107 1
489 108 1
730 108 1
199 108 1
452 108 2
859 109 1
952 109 2
749 109 1
964 109 2
 81 110 1
259 110 1
358 110 2
687 110 1
214 111 1
470 111 1
  7 111 1
912 111 1
802 112 1
868 112 2
712 112 2
286 112 1
921 113 2
229 113 1
396 113 2
726 113 2
339 114 1
269 114 2
346 114 1
733 114 1
289 115 1
741 115 2
337 115 1
674 115 2
333 116 2
286 116 1
  3 116 1
829 116 1
164 117 2
205 117 1
456 117 2
702 117 1
 93 118 1
715 118 2
600 118 2
749 118 2
987 119 2
 11 119 1
339 119 2
208 119 1
216 120 2
 79 120 2
756 120 1
229 120 2
 43 121 2
929 121 1
613 121 2
742 121 2
207 122 1
305 122 1
263 122 1
460 122 1
557 123 2
519 123 1
447 123 2
988 123 2
666 124 1
669 124 1
122 124 1
791 124 2
  4 125 2
732 125 2
836 125 2
707 125 1
778 126 1
935 126 1
623 126 1
 64 126 2
 87 127 2
919 127 1
679 127 2
298 127 1
639 128 2
352 128 2
904 128 2
 48 128 1
 32 129 2
196 129 2
372 129 2
544 129 1
553 130 2
727 130 1
861 130 1
 86 130 2
565 131 1
340 131 2
576 131 1
 29 131 1
115 132 2
530 132 2
445 132 1
802 132 1
246 133 1
914 133 1
115 133 2
922 133 2
323 134 2
534 134 2
633 134 1
819 134 1
801 135 2
 81 135 1
623 135 2
317 135 2
439 136 2
270 136 2
708 136 1
979 136 2
125 137 1
619 137 1
415 137 1
149 137 1
604 138 2
286 138 1
833 138 2
170 138 2
605 139 2
902 139 2
563 139 2
 77 139 1
 57 140 1
901 140 1
379 140 2
 58 140 1
321 141 1
313 141 1
748 141 2
 30 141 1
754 142 2
191 142 2
760 142 2
306 142 1
307 143 1
233 143 2
616 143 1
 41 143 1
467 144 2
900 144 2
739 144 2
833 144 2
991 145 2
573 145 1
720 145 1
338 145 2
972 146 2
476 146 2
134 146 1
754 146 2
 51 147 1
414 147 2
652 147 1
749 147 2
677 148 1
304 148 2
679 148 1
597 148 1
856 149 1
691 149 2
147 149 2
524 149 1
526 150 1
721 150 1
781 150 1
371 150 1
943 151 2
971 151 1
223 151 2
818 151 1
422 152 1
504 152 2
 25 152 2
966 152 1
838 153 2
776 153 1
973 153 2
444 153 1
711 154 2
903 154 1
778 154 2
482 154 1
621 155 2
413 155 1
141 155 1
851 155 2
540 156 1
456 156 1
687 156 2
195 156 1
573 157 1
928 157 2
177 157 1
195 157 1
 42 158 1
791 158 2
381 158 2
681 158 1
672 159 2
770 159 1
 16 159 2
887 159 1
282 160 2
912 160 1
146 160 1
142 160 1
152 161 2
829 161 1
832 161 2
 77 161 2
185 162 1
810 162 1
264 162 1
 81 162 1
859 163 1
834 163 1
836 163 2
856 163 1
528 164 2
267 164 1
 64 164 2
281 164 2
 44 165 1
333 165 1
834 165 1
280 165 2
261 166 2
205 166 2
 98 166 2
679 166 1
154 167 2
345 167 1
 21 167 2
824 167 1
133 168 1
890 168 1
816 168 1
973 168 2
573 169 2
496 169 1
505 169 2
225 169 1
 98 170 1
136 170 1
103 170 1
945 170 2
965 171 1
211 171 2
148 171 1
229 171 2
599 172 2
749 172 2
227 172 1
494 172 1
274 173 1
914 173 1
130 173 2
950 173 1
511 174 2
 44 174 1
144 174 1
302 174 1
705 175 1
978 175 2
466 175 1
283 175 2
411 176 2
936 176 1
 92 176 1
364 176 2
781 177 2
289 177 2
429 177 1
174 177 1
889 178 2
418 178 1
 77 178 1
968 178 2
660 179 1
893 179 1
229 179 2
296 179 1
966 180 1
762 180 1
342 180 1
754 180 2
963 181 1
227 181 2
838 181 2
 38 181 2
477 182 1
438 182 2
420 182 1
446 182 1
731 183 1
309 183 1
161 183 1
214 183 1
906 184 2
814 184 1
178 184 1
420 184 2
707 185 2
184 185 2
462 185 1
543 185 2
901 186 2
168 186 2
 90 186 1
883 186 2
456 187 2
867 187 1
387 187 2
786 187 2
164 188 1
874 188 1
868 188 1
665 188 2
692 189 2
233 189 1
292 189 1
211 189 1
546 190 2
649 190 1
325 190 2
726 190 2
572 191 2
160 191 1
530 191 1
883 191 2
712 192 1
941 192 2
163 192 2
142 192 2
887 193 1
804 193 1
393 193 1
535 193 2
911 194 1
505 194 1
525 194 2
621 194 2
 61 195 2
207 195 1
 16 195 1
630 195 2
894 196 2
559 196 2
307 196 1
571 196 1
101 197 2
376 197 1
418 197 2
185 197 1
574 198 2
630 198 2
451 198 1
261 198 2
506 199 2
900 199 1
236 199 2
448 199 2
 80 200 2
878 200 2
270 200 2
817 200 2
356 201 1
862 201 2
439 201 2
799 201 2
666 202 2
179 202 2
 77 202 1
592 202 2
 26 203 1
910 203 1
822 203 2
286 203 1
838 204 2
140 204 1
904 204 1
 66 204 1
261 205 2
431 205 1
 26 205 1
430 205 1
697 206 2
843 206 2
 15 206 2
349 206 2
180 207 2
587 207 2
 73 207 1
835 207 1
409 208 2
899 208 2
861 208 1
787 208 2
408 209 2
748 209 1
306 209 2
888 209 2
 37 210 2
987 210 1
893 210 1
581 210 2
 87 211 2
683 211 2
812 211 1
609 211 2
824 212 2
883 212 2
319 212 1
757 212 1
512 213 2
958 213 1
759 213 1
869 213 2
904 214 1
746 214 1
412 214 2
811 214 1
870 215 1
702 215 1
655 215 2
683 215 1
660 216 1
232 216 1
700 216 2
240 216 1
869 217 2
388 217 1
935 217 1
762 217 1
 49 218 2
921 218 1
769 218 1
 18 218 2
338 219 2
564 219 1
691 219 1
848 219 1
567 220 1
608 220 1
659 220 1
461 220 2
445 221 1
349 221 1
711 221 2
526 221 2
775 222 1
316 222 2
600 222 2
769 222 2
 88 223 1
631 223 2
397 223 2
 83 223 1
  3 224 1
649 224 2
191 224 2
958 224 2
952 225 2
843 225 2
833 225 2
526 225 2
750 226 1
403 226 1
784 226 1
684 226 2
168 227 2
258 227 1
 69 227 1
576 227 2
168 228 1
514 228 1
 48 228 1
273 228 2
 40 229 1
569 229 1
481 229 1
677 229 1
576 230 1
544 230 2
570 230 1
750 230 2
863 231 2
 59 231 2
759 231 2
484 231 2
975 232 2
635 232 1
491 232 1
 69 232 1
154 233 1
140 233 1
481 233 2
754 233 2
885 234 2
  4 234 2
407 234 1
715 234 2
322 235 2
177 235 2
251 235 2
797 235 2
947 236 2
610 236 1
504 236 1
542 236 2
813 237 1
895 237 1
863 237 1
608 237 1
739 238 2
534 238 2
326 238 2
715 238 2
519 239 1
  1 239 2
297 239 1
 98 239 1
750 240 2
594 240 1
176 240 2
204 240 1
629 241 1
837 241 2
934 241 2
750 241 1
176 242 2
832 242 2
296 242 2
236 242 1
914 243 1
435 243 2
  2 243 1
954 243 1
336 244 2
703 244 1
 75 244 2
954 244 2
148 245 2
465 245 2
666 245 1
395 245 2
212 246 1
126 246 1
467 246 1
424 246 2
152 247 2
214 247 1
 27 247 1
534 247 1
923 248 1
712 248 2
293 248 2
250 248 1
668 249 2
177 249 1
954 249 2
673 249 1
396 250 2
915 250 1
787 250 1
678 250 1
195 251 1
698 251 2
422 251 2
629 251 1
267 252 1
129 252 2
566 252 1
551 252 1
332 253 2
477 253 1
 17 253 2
725 253 2
848 254 2
536 254 1
579 254 1
 29 254 1
667 255 1
930 255 2
468 255 1
467 255 2
 65 256 1
 74 256 2
726 256 2
966 256 2
581 257 2
380 257 1
377 257 1
193 257 2
877 258 2
696 258 1
503 258 2
717 258 2
197 259 1
727 259 1
503 259 1
815 259 2
159 260 2
279 260 2
213 260 1
485 260 2
191 261 1
830 261 2
337 261 2
144 261 2
990 262 2
746 262 2
464 262 1
625 262 1
626 263 1
904 263 2
262 263 2
993 263 2
574 264 2
778 264 2
415 264 2
694 264 1
477 265 1
370 265 2
112 265 2
141 265 1
573 266 1
394 266 1
598 266 1
152 266 2
526 267 2
181 267 1
533 267 2
581 267 2
890 268 2
351 268 2
337 268 2
686 268 1
522 269 2
926 269 2
149 269 2
778 269 1
846 270 2
603 270 1
375 270 1
812 270 1
898 271 2
856 271 2
350 271 2
994 271 1
471 272 2
 44 272 2
214 272 1
592 272 1
672 273 2
 46 273 1
767 273 2
480 273 2
132 274 1
625 274 2
679 274 2
986 274 1
821 275 1
575 275 2
660 275 1
814 275 1
430 276 2
390 276 2
608 276 1
496 276 2
250 277 1
 56 277 2
490 277 1
430 277 2
467 278 2
542 278 1
721 278 2
 62 278 2
356 279 1
 54 279 1
409 279 1
122 279 1
712 280 2
565 280 2
165 280 2
458 280 1
362 281 1
172 281 2
346 281 2
450 281 1
802 282 2
141 282 1
837 282 2
392 282 2
141 283 2
936 283 2
 90 283 2
547 283 2
448 284 2
952 284 2
 45 284 2
 74 284 2
728 285 2
169 285 2
451 285 1
761 285 2
567 286 2
592 286 2
426 286 2
599 286 2
715 287 1
115 287 1
603 287 1
549 287 2
747 288 1
780 288 1
216 288 2
646 288 2
692 289 2
223 289 2
567 289 2
853 289 2
250 290 1
298 290 1
497 290 1
229 290 2
379 291 2
177 291 2
940 291 1
914 291 2
402 292 1
566 292 2
317 292 1
988 292 2
346 293 2
698 293 2
137 293 2
 65 293 1
908 294 1
540 294 1
514 294 1
753 294 2
561 295 1
330 295 1
885 295 1
953 295 1
579 296 2
193 296 2
682 296 1
161 296 2
437 297 1
395 297 1
356 297 1
915 297 2
484 298 1
932 298 1
466 298 1
171 298 2
930 299 2
248 299 2
 63 299 1
251 299 1
997 300 2
781 300 2
330 300 2
118 300 1
186 301 2
433 301 1
516 301 1
 43 301 2
240 302 2
587 302 1
707 302 2
540 302 1
690 303 1
813 303 1
903 303 2
614 303 2
 72 304 1
113 304 1
450 304 2
 79 304 1
306 305 2
160 305 2
422 305 1
176 305 1
 13 306 1
452 306 1
288 306 1
985 306 1
 10 307 1
545 307 2
158 307 1
905 307 2
608 308 1
551 308 1
249 308 2
256 308 1
121 309 2
 26 309 2
249 309 2
328 309 2
167 310 1
662 310 1
348 310 2
946 310 2
691 311 1
849 311 2
876 311 1
653 311 1
184 312 2
227 312 2
675 312 1
 45 312 1
126 313 1
435 313 1
 56 313 2
143 313 1
385 314 2
600 314 2
887 314 2
 91 314 2
 50 315 2
269 315 2
788 315 2
468 315 1
969 316 2
186 316 2
913 316 1
773 316 2
342 317 1
 36 317 2
632 317 2
759 317 1
972 318 1
632 318 1
558 318 1
837 318 1
366 319 2
378 319 1
786 319 1
402 319 1
336 320 2
740 320 1
217 320 1
306 320 1
972 321 1
335 321 1
636 321 2
341 321 2
339 322 2
881 322 2
860 322 1
  0 322 2
 16 323 2
728 323 1
608 323 1
952 323 2
844 324 1
737 324 1
999 324 2
  6 324 2
999 325 2
 26 325 1
993 325 1
579 325 2
866 326 2
673 326 2
754 326 2
 87 326 2
358 327 2
839 327 2
728 327 1
224 327 1
188 328 1
870 328 2
918 328 1
172 328 1
629 329 2
602 329 2
468 329 2
311 329 2
180 330 1
870 330 2
657 330 1
943 330 2
514 331 1
788 331 2
173 331 1
289 331 1
773 332 1
428 332 2
223 332 2
623 332 1
751 333 1
119 333 2
248 333 2
907 333 2
865 334 2
806 334 1
225 334 1
483 334 2
 26 335 1
516 335 1
235 335 2
554 335 1
887 336 1
256 336 2
293 336 1
 42 336 2
873 337 2
303 337 1
422 337 1
621 337 2
533 338 2
235 338 1
705 338 2
719 338 1
115 339 1
793 339 1
 14 339 2
835 339 2
829 340 1
  9 340 2
850 340 2
205 340 1
355 341 2
320 341 1
182 341 1
580 341 2
978 342 2
442 342 1
451 342 2
655 342 1
610 343 1
603 343 1
943 343 1
445 343 2
337 344 2
204 344 1
266 344 1
110 344 1
815 345 2
648 345 2
899 345 1
268 345 2
948 346 1
 72 346 2
995 346 1
193 346 2
246 347 2
914 347 1
739 347 2
568 347 1
 80 348 2
326 348 2
161 348 2
219 348 1
704 349 2
697 349 1
793 349 1
607 349 1
848 350 1
256 350 2
106 350 1
158 350 1
339 351 1
975 351 2
218 351 1
863 351 1
952 352 1
261 352 1
328 352 1
971 352 1
724 353 1
743 353 1
915 353 1
351 353 1
592 354 1
800 354 2
405 354 2
 39 354 2
786 355 1
205 355 2
165 355 2
370 355 1
249 356 2
385 356 1
174 356 2
 76 356 1
564 357 2
321 357 2
889 357 1
942 357 1
782 358 1
 89 358 2
 71 358 2
332 358 1
664 359 1
232 359 1
359 359 1
 16 359 2
744 360 1
140 360 2
786 360 2
967 360 1
721 361 1
124 361 1
 10 361 1
989 361 2
 98 362 2
149 362 2
885 362 2
366 362 2
989 363 1
555 363 1
103 363 2
359 363 1
652 364 1
992 364 2
103 364 2
900 364 2
263 365 2
896 365 2
711 365 1
224 365 2
963 366 1
290 366 1
791 366 2
967 366 1
132 367 2
835 367 2
491 367 1
716 367 2
175 368 2
475 368 2
188 368 1
965 368 2
696 369 1
518 369 1
753 369 2
140 369 1
177 370 2
682 370 1
431 370 2
988 370 1
885 371 1
235 371 1
264 371 1
562 371 1
798 372 2
967 372 1
365 372 1
237 372 1
374 373 2
397 373 2
180 373 2
818 373 1
521 374 1
352 374 1
971 374 1
865 374 2
766 375 1
333 375 2
641 375 1
576 375 1
509 376 2
204 376 2
651 376 2
173 376 1
392 377 2
663 377 1
867 377 2
557 377 1
309 378 1
522 378 2
174 378 2
233 378 1
727 379 2
508 379 2
850 379 1
731 379 1
145 380 2
878 380 2
455 380 2
 84 380 2
884 381 2
681 381 1
689 381 1
335 381 2
733 382 2
976 382 1
593 382 2
704 382 2
810 383 2
880 383 2
354 383 2
 91 383 1
362 384 1
744 384 2
471 384 2
784 384 1
802 385 1
395 385 2
218 385 2
506 385 2
828 386 2
920 386 2
289 386 2
711 386 2
248 387 2
204 387 1
379 387 1
594 387 2
601 388 1
517 388 1
625 388 1
470 388 2
495 389 1
287 389 2
 22 389 1
986 389 2
 16 390 2
161 390 1
515 390 2
154 390 1
927 391 1
300 391 1
736 391 1
 23 391 2
539 392 1
292 392 2
853 392 2
106 392 1
612 393 1
550 393 2
793 393 1
110 393 1
774 394 2
603 394 2
772 394 2
704 394 1
 79 395 1
 37 395 1
723 395 1
281 395 1
873 396 2
649 396 2
288 396 2
811 396 2
670 397 2
603 397 1
  3 397 1
590 397 1
807 398 2
546 398 1
366 398 1
399 398 1
738 399 2
823 399 1
811 399 1
111 399 1
865 400 1
350 400 1
532 400 2
319 400 1
383 401 2
985 401 1
386 401 2
191 401 1
585 402 2
161 402 2
 22 402 2
939 402 2
505 403 1
720 403 1
960 403 1
500 403 1
 91 404 2
742 404 1
910 404 1
766 404 2
609 405 2
 98 405 1
  0 405 2
883 405 2
796 406 1
280 406 1
643 406 1
594 406 2
345 407 1
980 407 1
 37 407 1
336 407 2
697 408 2
839 408 2
 26 408 2
341 408 1
313 409 2
508 409 2
671 409 2
301 409 1
229 410 1
533 410 2
434 410 2
278 410 2
522 411 1
443 411 2
531 411 1
425 411 1
 18 412 1
547 412 1
913 412 2
465 412 2
687 413 1
454 413 1
751 413 1
 80 413 2
968 414 1
813 414 2
127 414 1
 79 414 1
191 415 2
974 415 1
166 415 1
528 415 1
562 416 2
950 416 2
404 416 1
997 416 1
170 417 2
818 417 2
937 417 1
391 417 1
686 418 2
943 418 1
519 418 2
298 418 2
871 419 1
291 419 1
896 419 2
455 419 1
999 420 1
760 420 1
883 420 1
874 420 2
214 421 2
 55 421 1
164 421 2
 96 421 2
 55 422 2
168 422 2
154 422 1
282 422 2
729 423 1
874 423 1
480 423 1
175 423 2
385 424 1
952 424 2
400 424 2
681 424 2
182 425 1
544 425 1
106 425 1
729 425 1
852 426 1
671 426 1
470 426 2
921 426 2
957 427 1
298 427 1
120 427 2
231 427 2
638 428 1
344 428 1
  9 428 2
487 428 2
917 429 1
322 429 1
993 429 2
989 429 1
114 430 2
743 430 2
528 430 2
379 430 2
900 431 1
686 431 1
233 431 1
592 431 2
 22 432 1
410 432 2
851 432 2
741 432 2
550 433 2
692 433 1
291 433 2
312 433 2
483 434 2
641 434 2
334 434 1
392 434 1
688 435 1
175 435 1
934 435 1
477 435 2
991 436 2
454 436 1
764 436 1
817 436 1
306 437 1
818 437 2
123 437 1
453 437 2
211 438 1
549 438 1
145 438 2
164 438 2
940 439 1
804 439 1
675 439 1
822 439 1
693 440 1
810 440 1
874 440 2
454 440 1
879 441 2
252 441 2
 53 441 1
553 441 1
610 442 2
207 442 1
  9 442 1
884 442 1
667 443 2
415 443 1
586 443 2
508 443 2
612 444 2
656 444 2
401 444 2
139 444 1
131 445 1
151 445 1
266 445 1
464 445 1
402 446 2
292 446 2
 82 446 2
551 446 2
757 447 2
412 447 1
140 447 1
679 447 1
260 448 2
192 448 2
 18 448 1
450 448 1
198 449 1
590 449 2
504 449 2
988 449 2
382 450 1
194 450 1
 28 450 2
454 450 1
955 451 2
102 451 1
 25 451 2
523 451 1
846 452 2
 84 452 2
200 452 2
744 452 1
293 453 2
809 453 1
700 453 2
822 453 1
210 454 1
203 454 2
545 454 1
936 454 1
770 455 2
853 455 2
229 455 1
298 455 2
 71 456 2
697 456 2
966 456 1
461 456 1
993 457 2
441 457 2
  6 457 2
708 457 2
307 458 2
910 458 2
912 458 1
 86 458 1
291 459 1
125 459 2
905 459 2
403 459 1
271 460 1
246 460 2
358 460 2
543 460 1
989 461 2
812 461 1
353 461 2
841 461 1
547 462 1
837 462 2
777 462 1
183 462 2
127 463 2
907 463 2
852 463 1
768 463 1
308 464 1
806 464 1
612 464 2
471 464 1
502 465 2
301 465 2
757 465 1
779 465 2
967 466 2
503 466 1
564 466 2
384 466 2
422 467 2
371 467 2
845 467 1
405 467 1
990 468 2
615 468 1
138 468 2
 23 468 2
626 469 1
698 469 2
579 469 2
 30 469 1
838 470 2
829 470 2
315 470 1
338 470 1
910 471 2
710 471 1
280 471 1
940 471 2
382 472 2
966 472 2
918 472 1
990 472 2
809 473 1
599 473 2
823 473 1
 79 473 2
109 474 1
760 474 2
703 474 2
 96 474 1
  8 475 2
523 475 1
140 475 2
 29 475 1
916 476 1
580 476 1
248 476 1
161 476 1
416 477 2
 99 477 2
124 477 2
196 477 2
394 478 2
627 478 2
808 478 2
916 478 1
435 479 1
335 479 1
280 479 1
554 479 1
907 480 1
600 480 1
490 480 1
231 480 1
119 481 2
 75 481 1
297 481 2
407 481 1
619 482 2
389 482 1
215 482 2
118 482 1
146 483 2
816 483 1
633 483 1
969 483 1
154 484 1
818 484 2
713 484 2
 25 484 2
707 485 2
948 485 2
487 485 1
505 485 2
 81 486 2
846 486 1
799 486 2
497 486 2
472 487 1
209 487 1
691 487 1
857 487 2
495 488 2
  7 488 1
746 488 1
244 488 1
389 489 1
 72 489 2
 69 489 2
684 489 2
364 490 2
717 490 1
483 490 2
 90 490 1
143 491 2
 74 491 2
194 491 1
590 491 2
967 492 1
 60 492 2
239 492 2
100 492 1
848 493 1
865 493 2
531 493 1
497 493 2
937 494 2
 24 494 1
 34 494 2
581 494 2
736 495 1
 57 495 2
950 495 1
945 495 2
732 496 2
235 496 2
913 496 1
925 496 2
863 497 1
 36 497 2
576 497 2
519 497 2
443 498 1
513 498 2
831 498 1
453 498 2
243 499 1
 86 499 2
754 499 2
808 499 2
803 500 2
570 500 2
849 500 1
983 500 2
403 501 1
643 501 2
442 501 2
 85 501 2
652 502 2
852 502 1
103 502 2
184 502 2
292 503 1
998 503 1
688 503 1
852 503 2
824 504 1
 68 504 1
258 504 1
 62 504 2
417 505 1
932 505 1
915 505 2
102 505 1
477 506 2
786 506 1
284 506 2
 53 506 1
181 507 2
897 507 2
205 507 1
895 507 2
277 508 1
288 508 2
762 508 1
604 508 1
 48 509 2
568 509 1
245 509 2
723 509 1
567 510 1
575 510 1
920 510 2
787 510 1
535 511 1
616 511 1
  6 511 2
252 511 1
772 512 1
374 512 2
488 512 2
 60 512 1
535 513 2
 41 513 1
835 513 1
542 513 1
861 514 1
 78 514 1
318 514 2
598 514 2
769 515 1
979 515 2
 30 515 1
129 515 1
277 516 2
339 516 1
289 516 1
173 516 2
723 517 1
726 517 2
 69 517 2
897 517 2
466 518 1
127 518 2
 91 518 1
256 518 2
721 519 2
633 519 2
982 519 2
 40 519 1
300 520 2
211 520 2
317 520 2
239 520 1
356 521 1
387 521 2
743 521 2
103 521 2
685 522 1
 40 522 1
427 522 2
193 522 1
887 523 2
299 523 1
578 523 2
195 523 2
682 524 2
532 524 1
504 524 1
389 524 2
 30 525 2
 15 525 1
104 525 1
466 525 1
693 526 1
455 526 2
847 526 2
  3 526 2
309 527 1
987 527 2
948 527 1
350 527 2
148 528 2
219 528 1
724 528 2
950 528 1
268 529 1
544 529 2
293 529 1
586 529 2
800 530 1
282 530 2
238 530 2
133 530 1
618 531 2
133 531 2
161 531 2
670 531 1
170 532 1
152 532 2
741 532 2
234 532 1
798 533 1
634 533 2
553 533 1
310 533 2
509 534 2
694 534 2
236 534 2
698 534 2
 27 535 1
911 535 1
160 535 2
935 535 2
948 536 1
645 536 2
838 536 2
606 536 1
186 537 1
193 537 1
891 537 2
803 537 1
873 538 1
412 538 1
343 538 2
535 538 1
257 539 1
 29 539 1
626 539 2
459 539 1
 59 540 1
334 540 1
449 540 2
627 540 2
733 541 1
 95 541 1
853 541 2
802 541 2
240 542 1
876 542 2
313 542 1
622 542 2
221 543 2
850 543 1
370 543 2
358 543 1
433 544 1
571 544 2
982 544 2
 65 544 2
639 545 2
832 545 1
134 545 1
191 545 2
802 546 1
889 546 1
688 546 1
987 546 2
886 547 2
138 547 1
979 547 2
542 547 2
132 548 1
936 548 2
163 548 2
346 548 2
565 549 2
999 549 2
678 549 2
107 549 1
294 550 1
179 550 2
138 550 2
744 550 2
458 551 1
822 551 2
323 551 2
887 551 2
227 552 2
719 552 1
 27 552 1
773 552 1
576 553 2
467 553 2
581 553 2
139 553 1
173 554 2
 29 554 2
887 554 1
735 554 2
809 555 2
322 555 2
962 555 2
812 555 1
739 556 1
869 556 1
451 556 2
826 556 2
674 557 1
301 557 2
153 557 2
338 557 1
532 558 1
565 558 1
625 558 1
859 558 2
995 559 1
 13 559 1
708 559 1
760 559 1
933 560 1
319 560 1
209 560 2
604 560 2
118 561 1
807 561 2
347 561 1
978 561 2
532 562 1
489 562 1
295 562 2
883 562 2
322 563 2
538 563 1
239 563 1
 59 563 2
966 564 2
683 564 1
935 564 2
 14 564 2
157 565 2
 88 565 1
142 565 2
456 565 1
320 566 2
162 566 2
792 566 1
189 566 2
737 567 2
 12 567 1
235 567 1
912 567 2
400 568 1
953 568 2
822 568 2
 37 568 2
763 569 1
869 569 1
159 569 1
348 569 1
264 570 1
497 570 2
773 570 2
306 570 1
225 571 1
201 571 1
790 571 2
748 571 2
497 572 2
951 572 1
856 572 2
958 572 2
712 573 2
492 573 1
772 573 2
599 573 2
806 574 2
207 574 1
424 574 2
171 574 1
762 575 1
497 575 1
522 575 1
922 575 2
830 576 1
456 576 1
309 576 1
725 576 1
753 577 2
957 577 1
588 577 2
399 577 1
155 578 2
 68 578 1
195 578 2
743 578 2
 14 579 2
113 579 1
798 579 1
906 579 1
794 580 1
297 580 2
753 580 2
586 580 2
757 581 1
845 581 1
370 581 1
557 581 2
156 582 1
350 582 1
101 582 2
879 582 2
992 583 2
173 583 1
590 583 2
 65 583 1
551 584 1
242 584 1
581 584 2
952 584 2
498 585 1
533 585 2
808 585 1
175 585 2
493 586 2
 81 586 2
534 586 1
184 586 2
  0 587 2
372 587 1
818 587 2
513 587 2
990 588 2
160 588 2
115 588 2
771 588 2
149 589 2
834 589 2
645 589 2
464 589 1
815 590 2
481 590 2
820 590 1
211 590 1
944 591 1
608 591 1
153 591 2
473 591 2
812 592 2
751 592 1
416 592 1
909 592 1
135 593 1
400 593 2
948 593 1
916 593 1
592 594 1
785 594 2
368 594 2
 27 594 2
 39 595 2
311 595 1
313 595 2
775 595 1
162 596 2
371 596 2
523 596 1
853 596 1
881 597 2
674 597 1
540 597 1
977 597 1
596 598 1
220 598 2
 82 598 2
827 598 2
106 599 2
535 599 2
263 599 1
961 599 1
 95 600 2
579 600 1
740 600 2
540 600 2
760 601 1
135 601 2
576 601 2
840 601 2
251 602 1
825 602 1
685 602 1
 50 602 1
722 603 1
153 603 2
791 603 2
 91 603 1
274 604 2
 26 604 1
416 604 1
469 604 1
634 605 1
105 605 1
972 605 2
 65 605 2
135 606 1
365 606 2
877 606 1
781 606 1
982 607 1
367 607 2
249 607 1
306 607 2
918 608 1
549 608 2
617 608 2
929 608 2
359 609 1
425 609 1
292 609 1
973 609 2
 39 610 2
707 610 2
422 610 1
151 610 2
286 611 1
129 611 2
402 611 1
911 611 2
282 612 1
175 612 1
573 612 1
155 612 1
170 613 2
111 613 2
 59 613 2
141 613 2
211 614 2
606 614 2
680 614 1
496 614 2
864 615 2
863 615 2
339 615 2
967 615 2
707 616 1
591 616 2
999 616 2
462 616 1
371 617 1
  1 617 1
415 617 2
280 617 1
732 618 1
992 618 2
278 618 1
240 618 2
940 619 1
651 619 2
179 619 1
646 619 2
158 620 2
672 620 1
450 620 1
400 620 2
535 621 2
949 621 1
438 621 2
618 621 2
 14 622 2
445 622 2
432 622 1
782 622 1
233 623 1
688 623 1
383 623 1
683 623 2
461 624 2
517 624 2
174 624 1
 81 624 1
687 625 2
907 625 1
192 625 2
647 625 2
 26 626 1
168 626 2
560 626 2
 81 626 2
304 627 2
728 627 1
954 627 1
661 627 1
674 628 1
408 628 1
978 628 1
262 628 2
907 629 2
712 629 2
362 629 1
959 629 2
954 630 2
825 630 2
200 630 2
354 630 1
 46 631 1
268 631 2
231 631 1
587 631 1
 91 632 1
193 632 2
314 632 1
875 632 1
312 633 1
526 633 2
758 633 2
491 633 1
736 634 1
270 634 1
 29 634 2
755 634 2
 33 635 1
664 635 2
353 635 1
331 635 2
705 636 1
650 636 2
860 636 2
 49 636 1
221 637 1
322 637 2
948 637 2
477 637 2
115 638 2
372 638 2
606 638 2
696 638 2
828 639 1
807 639 1
364 639 1
905 639 1
101 640 1
205 640 1
197 640 1
 68 640 1
256 641 2
185 641 2
440 641 1
734 641 1
853 642 2
787 642 2
934 642 2
 56 642 2
149 643 2
727 643 1
619 643 1
647 643 2
895 644 1
620 644 2
266 644 2
703 644 1
638 645 1
245 645 2
865 645 2
920 645 1
883 646 1
 87 646 2
475 646 2
831 646 1
489 647 2
697 647 1
632 647 2
468 647 2
114 648 1
990 648 2
530 648 1
143 648 1
646 649 1
 54 649 2
523 649 1
971 649 2
545 650 2
456 650 2
823 650 2
979 650 2
545 651 2
306 651 2
332 651 1
621 651 2
511 652 1
820 652 1
243 652 1
 97 652 2
939 653 1
814 653 1
523 653 2
 68 653 2
439 654 1
433 654 2
115 654 1
776 654 1
572 655 2
400 655 2
923 655 2
544 655 1
241 656 1
 57 656 2
515 656 1
 33 656 1
376 657 2
974 657 1
855 657 2
280 657 1
506 658 1
523 658 2
133 658 2
137 658 1
 82 659 1
248 659 1
328 659 2
759 659 1
482 660 2
877 660 1
584 660 2
824 660 1
 93 661 2
 89 661 2
250 661 1
679 661 2
872 662 1
750 662 1
473 662 2
964 662 2
640 663 2
534 663 1
921 663 1
833 663 2
 72 664 2
255 664 2
643 664 2
 57 664 1
967 665 2
882 665 2
601 665 1
324 665 1
375 666 1
566 666 2
668 666 1
913 666 1
389 667 1
 72 667 2
672 667 2
772 667 2
180 668 1
591 668 2
575 668 2
920 668 2
947 669 2
633 669 2
373 669 2
506 669 1
441 670 2
 48 670 2
881 670 1
167 670 1
690 671 2
581 671 1
463 671 1
143 671 2
510 672 1
864 672 1
953 672 1
303 672 1
280 673 2
389 673 2
679 673 1
777 673 1
477 674 2
506 674 2
452 674 2
652 674 1
551 675 2
102 675 2
808 675 2
828 675 2
454 676 2
441 676 2
602 676 2
109 676 2
874 677 2
413 677 1
363 677 1
622 677 2
443 678 1
903 678 1
819 678 1
856 678 1
880 679 2
877 679 1
864 679 1
 65 679 1
257 680 1
560 680 2
882 680 2
428 680 2
163 681 1
674 681 1
525 681 2
904 681 1
851 682 1
310 682 2
293 682 1
460 682 2
188 683 2
555 683 2
977 683 2
982 683 1
771 684 2
974 684 2
159 684 2
127 684 1
242 685 1
138 685 1
358 685 1
102 685 2
506 686 1
616 686 1
596 686 1
692 686 2
445 687 2
202 687 2
459 687 1
754 687 2
734 688 1
716 688 1
140 688 1
341 688 2
229 689 1
361 689 2
786 689 1
278 689 2
536 690 2
494 690 2
366 690 2
934 690 1
737 691 2
185 691 1
318 691 2
711 691 1
452 692 1
586 692 2
117 692 2
341 692 2
729 693 2
859 693 1
162 693 1
817 693 2
878 694 1
159 694 2
283 694 2
110 694 1
174 695 2
575 695 2
952 695 1
893 695 2
491 696 1
268 696 2
649 696 2
615 696 1
996 697 1
760 697 2
106 697 1
386 697 1
871 698 2
686 698 1
569 698 1
536 698 2
290 699 1
492 699 2
617 699 1
730 699 1
315 700 2
882 700 2
155 700 2
667 700 2
436 701 1
826 701 2
752 701 1
965 701 2
 17 702 2
862 702 2
948 702 1
496 702 2
950 703 2
963 703 2
991 703 1
239 703 1
893 704 1
486 704 1
202 704 1
641 704 2
727 705 2
396 705 1
370 705 1
355 705 1
414 706 2
820 706 1
500 706 2
784 706 1
858 707 2
159 707 1
547 707 2
351 707 2
 17 708 2
478 708 1
264 708 2
389 708 1
409 709 1
301 709 2
324 709 1
242 709 2
979 710 2
546 710 2
704 710 1
558 710 1
265 711 2
646 711 2
384 711 1
193 711 1
482 712 2
846 712 2
408 712 1
709 712 1
179 713 1
372 713 2
829 713 1
315 713 1
731 714 1
126 714 1
359 714 2
561 714 1
860 715 2
811 715 1
829 715 2
 61 715 1
471 716 1
 63 716 1
281 716 2
288 716 2
 38 717 2
473 717 2
678 717 1
837 717 1
 31 718 1
 72 718 2
816 718 2
831 718 2
147 719 1
698 719 1
761 719 2
659 719 1
445 720 1
312 720 1
705 720 1
900 720 1
549 721 2
850 721 1
913 721 2
742 721 2
898 722 1
240 722 1
545 722 1
102 722 2
 21 723 1
 79 723 2
794 723 1
 14 723 1
437 724 1
663 724 2
790 724 2
 12 724 1
896 725 1
150 725 2
500 725 2
513 725 2
523 726 1
291 726 2
196 726 2
188 726 1
470 727 2
338 727 1
858 727 2
823 727 2
557 728 2
873 728 2
184 728 1
716 728 1
610 729 1
185 729 1
281 729 1
593 729 2
992 730 2
403 730 2
961 730 1
155 730 2
 78 731 2
543 731 1
 80 731 2
166 731 1
380 732 2
101 732 1
867 732 2
650 732 1
 67 733 1
254 733 1
156 733 1
267 733 1
 74 734 2
714 734 1
271 734 1
237 734 1
213 735 1
956 735 2
568 735 1
707 735 1
925 736 2
385 736 2
465 736 2
  3 736 1
231 737 2
124 737 2
217 737 1
 50 737 1
728 738 2
109 738 1
685 738 2
480 738 2
907 739 1
438 739 1
 65 739 1
675 739 2
 44 740 1
924 740 2
878 740 1
 46 740 2
780 741 1
926 741 1
818 741 2
293 741 1
898 742 1
725 742 2
887 742 2
318 742 2
444 743 1
862 743 1
132 743 1
405 743 2
816 744 1
337 744 2
903 744 1
928 744 2
  1 745 2
724 745 2
979 745 2
571 745 2
559 746 1
853 746 2
549 746 2
 84 746 1
510 747 2
435 747 1
822 747 1
139 747 1
781 748 1
879 748 1
837 748 2
869 748 1
600 749 2
665 749 2
805 749 2
783 749 1
596 750 1
645 750 2
510 750 2
965 750 1
843 751 2
867 751 1
586 751 2
876 751 2
964 752 2
396 752 1
966 752 2
934 752 1
443 753 1
800 753 2
317 753 2
406 753 2
545 754 2
579 754 1
445 754 1
267 754 1
121 755 2
516 755 2
654 755 1
519 755 1
959 756 1
254 756 2
556 756 2
380 756 2
490 757 2
913 757 1
376 757 1
 29 757 2
543 758 1
717 758 2
299 758 1
729 758 1
422 759 2
306 759 1
514 759 1
907 759 2
123 760 1
800 760 1
984 760 2
520 760 1
 10 761 2
210 761 1
535 761 1
808 761 1
545 762 1
305 762 1
340 762 1
639 762 1
887 763 1
957 763 1
857 763 1
146 763 1
665 764 2
695 764 1
528 764 2
829 764 2
824 765 2
 76 765 1
986 765 2
924 765 1
140 766 1
179 766 2
311 766 2
987 766 1
133 767 2
835 767 2
327 767 2
565 767 2
425 768 1
921 768 2
297 768 2
452 768 1
170 769 1
509 769 1
853 769 2
109 769 1
586 770 1
876 770 2
975 770 1
583 770 1
952 771 2
134 771 1
616 771 2
  9 771 1
275 772 1
340 772 2
 71 772 1
722 772 1
387 773 1
766 773 1
230 773 2
443 773 1
519 774 2
877 774 2
 87 774 2
 44 774 2
908 775 2
 34 775 1
290 775 2
191 775 1
225 776 1
738 776 1
417 776 2
 47 776 1
349 777 2
 81 777 1
265 777 2
710 777 1
119 778 1
912 778 1
932 778 2
986 778 1
239 779 1
719 779 2
919 779 2
249 779 1
786 780 2
488 780 1
539 780 1
102 780 2
 89 781 2
 11 781 2
378 781 2
162 781 2
346 782 1
861 782 2
974 782 2
530 782 1
522 783 2
695 783 1
228 783 2
257 783 2
533 784 1
755 784 1
989 784 1
860 784 1
888 785 1
690 785 2
806 785 2
613 785 1
908 786 1
255 786 2
239 786 1
338 786 1
924 787 2
540 787 1
665 787 1
131 787 1
991 788 1
560 788 1
 26 788 2
503 788 1
155 789 1
626 789 2
543 789 1
500 789 2
698 790 2
883 790 2
951 790 1
947 790 2
658 791 2
619 791 1
725 791 2
402 791 1
888 792 2
161 792 2
165 792 1
756 792 2
349 793 2
243 793 2
148 793 2
316 793 2
906 794 2
919 794 1
247 794 2
936 794 1
369 795 2
399 795 1
978 795 1
520 795 1
471 796 2
 66 796 2
950 796 2
516 796 1
341 797 2
257 797 1
 92 797 2
149 797 1
 77 798 2
973 798 2
227 798 1
797 798 2
619 799 2
163 799 1
864 799 2
822 799 1
533 800 1
 80 800 1
836 800 2
948 800 2
920 801 2
190 801 2
390 801 1
241 801 1
931 802 2
853 802 1
702 802 2
850 802 2
991 803 1
 58 803 2
874 803 2
548 803 1
976 804 1
312 804 2
 69 804 1
527 804 1
609 805 1
892 805 1
697 805 2
210 805 2
795 806 2
503 806 2
367 806 2
236 806 1
935 807 2
 43 807 1
 76 807 1
146 807 1
342 808 2
994 808 2
617 808 2
322 808 2
730 809 2
608 809 2
461 809 1
674 809 1
603 810 2
989 810 1
355 810 1
991 810 2
100 811 2
145 811 2
238 811 1
683 811 1
881 812 1
922 812 2
703 812 2
914 812 2
202 813 1
100 813 2
229 813 2
268 813 1
216 814 1
235 814 2
964 814 2
505 814 1
390 815 2
394 815 1
 90 815 1
602 815 2
531 816 1
877 816 2
857 816 2
685 816 2
526 817 2
527 817 1
260 817 2
104 817 1
762 818 1
879 818 1
256 818 1
174 818 2
931 819 1
217 819 2
182 819 2
405 819 2
503 820 1
574 820 1
754 820 2
803 820 2
 35 821 1
440 821 2
 49 821 2
555 821 2
258 822 1
113 822 1
 93 822 2
315 822 1
352 823 1
407 823 1
576 823 1
463 823 2
848 824 2
501 824 1
801 824 2
167 824 1
469 825 1
635 825 1
936 825 1
 53 825 2
618 826 1
816 826 1
898 826 2
746 826 1
387 827 1
530 827 2
390 827 2
122 827 2
512 828 1
695 828 2
271 828 2
758 828 2
676 829 2
677 829 2
744 829 1
 99 829 2
 31 830 2
404 830 1
521 830 2
240 830 2
525 831 1
 79 831 2
440 831 1
250 831 1
493 832 2
503 832 1
 68 832 1
788 832 1
 75 833 2
525 833 1
926 833 2
516 833 1
  4 834 1
 93 834 2
 11 834 2
677 834 1
923 835 1
701 835 1
477 835 1
109 835 2
 40 836 2
376 836 1
434 836 1
 14 836 2
279 837 2
 31 837 2
276 837 2
761 837 1
579 838 1
369 838 2
893 838 2
273 838 2
932 839 1
276 839 2
728 839 2
638 839 2
467 840 2
361 840 1
986 840 1
327 840 1
832 841 1
802 841 2
362 841 1
 61 841 1
105 842 1
112 842 1
456 842 1
150 842 2
972 843 2
997 843 1
487 843 2
290 843 2
725 844 2
686 844 2
859 844 1
778 844 2
894 845 1
124 845 1
449 845 1
123 845 2
237 846 1
823 846 1
392 846 1
295 846 2
332 847 1
942 847 1
 48 847 1
370 847 1
323 848 2
306 848 1
507 848 2
857 848 1
709 849 2
838 849 2
480 849 1
149 849 1
 50 850 2
936 850 1
212 850 2
964 850 1
492 851 1
606 851 2
258 851 2
342 851 2
275 852 1
976 852 1
311 852 1
984 852 1
627 853 1
331 853 1
 30 853 2
945 853 2
823 854 2
781 854 1
220 854 2
160 854 1
750 855 2
769 855 2
398 855 2
578 855 1
830 856 1
542 856 1
870 856 2
537 856 2
836 857 2
337 857 1
349 857 1
583 857 2
544 858 1
482 858 2
937 858 2
191 858 2
250 859 2
624 859 2
 26 859 2
306 859 1
175 860 1
911 860 2
541 860 2
780 860 1
509 861 1
872 861 1
680 861 2
286 861 1
735 862 1
590 862 1
529 862 1
736 862 1
535 863 1
114 863 1
 19 863 2
608 863 2
155 864 1
622 864 1
597 864 1
690 864 1
 29 865 2
674 865 2
659 865 1
261 865 2
818 866 1
233 866 1
482 866 1
883 866 1
508 867 1
401 867 2
101 867 1
814 867 1
 93 868 2
772 868 2
177 868 2
142 868 1
422 869 1
197 869 1
766 869 2
989 869 2
865 870 1
694 870 1
296 870 1
927 870 2
 30 871 2
 98 871 2
978 871 2
135 871 2
516 872 1
417 872 1
341 872 1
280 872 2
649 873 1
509 873 2
199 873 2
396 873 2
841 874 2
542 874 2
 58 874 1
260 874 2
331 875 2
125 875 2
357 875 1
135 875 1
561 876 2
254 876 1
970 876 2
318 876 2
702 877 2
409 877 2
524 877 2
692 877 2
448 878 2
675 878 2
144 878 1
704 878 2
282 879 1
398 879 1
764 879 1
842 879 1
599 880 1
 45 880 2
 63 880 2
632 880 1
568 881 1
118 881 1
154 881 1
 26 881 1
189 882 2
775 882 1
130 882 2
583 882 1
995 883 1
662 883 2
529 883 1
488 883 2
903 884 1
207 884 1
899 884 2
280 884 1
645 885 1
689 885 2
695 885 2
 19 885 2
969 886 1
339 886 1
371 886 2
 91 886 1
713 887 2
 37 887 2
933 887 1
239 887 2
860 888 2
212 888 2
576 888 1
882 888 2
842 889 1
771 889 1
810 889 1
 16 889 2
 92 890 2
817 890 2
285 890 2
758 890 1
434 891 2
724 891 1
355 891 2
481 891 2
441 892 1
171 892 1
571 892 2
814 892 2
307 893 1
472 893 1
460 893 2
850 893 2
734 894 1
  0 894 1
575 894 2
  8 894 2
719 895 2
167 895 2
925 895 1
461 895 1
 92 896 1
734 896 1
416 896 2
688 896 1
111 897 2
651 897 1
727 897 1
288 897 2
719 898 2
 30 898 1
851 898 2
241 898 1
439 899 1
 98 899 2
215 899 1
 66 899 2
980 900 1
359 900 1
117 900 2
936 900 1
656 901 2
854 901 1
801 901 2
172 901 1
787 902 2
692 902 1
405 902 1
 43 902 1
524 903 1
366 903 2
135 903 1
798 903 1
524 904 2
987 904 1
309 904 1
 99 904 2
558 905 2
 56 905 1
684 905 1
277 905 1
564 906 2
412 906 1
568 906 1
980 906 2
935 907 2
  5 907 1
591 907 1
733 907 2
 90 908 2
 18 908 2
542 908 1
198 908 1
683 909 1
171 909 1
919 909 2
991 909 2
178 910 2
654 910 2
634 910 1
670 910 2
661 911 2
 22 911 1
610 911 1
573 911 1
259 912 1
109 912 2
294 912 2
906 912 2
919 913 1
325 913 2
628 913 2
301 913 1
697 914 2
170 914 1
609 914 2
420 914 1
318 915 1
  5 915 1
352 915 2
366 915 2
693 916 1
166 916 1
401 916 1
808 916 1
 11 917 2
625 917 2
 37 917 1
559 917 1
446 918 1
 64 918 2
608 918 2
 43 918 2
 54 919 2
956 919 1
273 919 1
878 919 2
976 920 1
303 920 2
856 920 2
922 920 2
313 921 1
217 921 2
976 921 1
439 921 2
286 922 1
803 922 2
811 922 2
 57 922 1
338 923 2
304 923 2
716 923 2
 99 923 2
409 924 2
923 924 1
675 924 2
 43 924 1
679 925 2
211 925 2
613 925 1
126 925 2
202 926 1
415 926 1
683 926 2
100 926 1
748 927 2
937 927 1
859 927 1
961 927 1
554 928 2
289 928 2
417 928 2
124 928 2
738 929 1
671 929 2
945 929 1
356 929 2
777 930 2
 16 930 2
260 930 1
762 930 1
329 931 2
299 931 2
190 931 2
434 931 2
 87 932 2
217 932 2
967 932 2
772 932 1
494 933 2
289 933 2
179 933 2
685 933 1
 16 934 1
969 934 2
124 934 1
497 934 2
332 935 1
467 935 1
650 935 1
773 935 2
686 936 1
247 936 1
525 936 1
994 936 1
770 937 1
555 937 1
411 937 1
559 937 1
103 938 2
359 938 1
990 938 2
530 938 2
685 939 2
599 939 2
287 939 1
318 939 2
  2 940 2
235 940 1
649 940 2
177 940 1
366 941 2
200 941 2
251 941 2
576 941 1
817 942 1
763 942 2
718 942 2
935 942 2
370 943 2
256 943 1
845 943 2
708 943 2
322 944 1
 28 944 2
812 944 2
735 944 1
 13 945 2
 76 945 1
436 945 2
756 945 1
126 946 1
349 946 2
656 946 2
886 946 2
107 947 1
917 947 2
667 947 2
833 947 2
594 948 1
835 948 2
210 948 2
570 948 2
878 949 1
194 949 1
383 949 1
540 949 1
343 950 1
242 950 1
690 950 2
393 950 1
707 951 1
106 951 2
349 951 1
986 951 2
156 952 2
898 952 1
624 952 1
425 952 2
787 953 2
905 953 2
999 953 2
977 953 2
909 954 2
212 954 2
154 954 2
340 954 1
272 955 1
929 955 2
850 955 1
743 955 1
954 956 2
 41 956 2
312 956 1
772 956 2
978 957 1
706 957 1
378 957 1
720 957 2
252 958 1
623 958 2
115 958 2
 97 958 1
713 959 1
122 959 1
881 959 2
646 959 1
969 960 2
351 960 2
 80 960 1
824 960 2
937 961 1
133 961 1
156 961 1
791 961 1
559 962 1
429 962 2
188 962 1
562 962 2
598 963 1
334 963 2
272 963 2
432 963 2
394 964 2
362 964 1
322 964 2
369 964 1
722 965 2
980 965 1
343 965 2
861 965 2
 41 966 1
447 966 1
138 966 1
731 966 2
994 967 1
877 967 2
713 967 1
477 967 2
726 968 1
 47 968 2
319 968 2
156 968 1
620 969 1
531 969 2
867 969 1
831 969 1
355 970 1
500 970 1
437 970 2
259 970 2
522 971 1
215 971 1
891 971 2
171 971 2
884 972 1
314 972 1
670 972 2
391 972 2
961 973 2
415 973 1
488 973 2
974 973 2
725 974 2
521 974 2
105 974 1
575 974 2
391 975 2
239 975 1
227 975 2
530 975 1
 80 976 2
851 976 2
210 976 1
559 976 2
714 977 1
880 977 1
108 977 1
 61 977 1
372 978 1
301 978 2
820 978 1
 42 978 1
327 979 2
560 979 1
591 979 2
203 979 2
545 980 1
561 980 2
906 980 1
662 980 2
894 981 1
260 981 1
383 981 1
462 981 1
963 982 2
118 982 2
471 982 2
507 982 1
 93 983 1
714 983 1
800 983 1
742 983 2
756 984 2
117 984 2
260 984 2
719 984 1
697 985 1
555 985 2
169 985 1
269 985 2
144 986 1
258 986 2
 24 986 1
347 986 1
592 987 1
  8 987 2
802 987 2
458 987 2
416 988 1
726 988 2
340 988 1
872 988 1
766 989 1
202 989 1
421 989 1
461 989 2
915 990 2
125 990 1
238 990 1
418 990 1
270 991 1
413 991 1
940 991 2
 30 991 2
525 992 1
281 992 1
850 992 2
834 992 2
651 993 2
821 993 1
350 993 1
391 993 2
210 994 1
481 994 1
736 994 2
358 994 2
438 995 1
311 995 1
200 995 1
687 995 2
537 996 1
693 996 1
257 996 1
119 996 2
380 997 2
959 997 1
277 997 1
802 997 2
236 998 1
518 998 1
766 998 2
351 998 1
820 999 2
582 999 2
144 999 1
282 999 2
  0   0 0
