975   0 1
413   0 2
991   0 2
 98   0 2
 64   1 1
 78   1 2
980   1 1
676   1 1
100   2 2
467   2 2
373   2 2
915   2 1
436   3 1
234   3 1
664   3 2
927   3 2
192   4 2
135   4 2
895   4 1
458   4 2
326   5 1
  9   5 1
331   5 2
380   5 1
482   6 2
537   6 1
 79   6 2
282   6 1
350   7 2
514   7 2
814   7 1
232   7 2
809   8 2
 10   8 2
637   8 1
306   8 1
814   9 1
680   9 1
534   9 1
212   9 1
959  10 1
856  10 2
339  10 1
242  10 2
526  11 1
827  11 1
490  11 2
488  11 1
118  12 1
558  12 1
 55  12 1
780  12 2
839  13 2
581  13 1
247  13 1
388  13 2
517  14 1
356  14 1
561  14 1
124  14 2
997  15 1
318  15 2
777  15 1
923  15 1
 75  16 2
433  16 2
145  16 2
201  16 1
571  17 2
674  17 1
564  17 1
282  17 1
671  18 2
114  18 1
638  18 2
914  18 2
441  19 2
457  19 1
712  19 1
811  19 1
148  20 2
919  20 2
979  20 2
351  20 2
650  21 2
247  21 2
453  21 2
675  21 2
817  22 1
215  22 1
 66  22 2
 21  22 2
605  23 2
249  23 2
375  23 1
904  23 1
608  24 1
674  24 1
438  24 1
590  24 2
269  25 1
611  25 2
535  25 2
950  25 2
846  26 1
903  26 1
302  26 2
350  26 1
707  27 1
532  27 1
766  27 2
588  27 2
451  28 2
 10  28 2
483  28 1
892  28 2
717  29 2
101  29 1
749  29 2
198  29 1
619  30 1
210  30 2
614  30 1
301  30 1
595  31 2
696  31 1
423  31 2
545  31 1
365  32 2
192  32 1
583  32 1
585  32 2
521  33 2
208  33 2
 85  33 1
915  33 2
938  34 2
843  34 2
168  34 1
551  34 2
678  35 2
316  35 1
177  35 1
770  35 2
186  36 2
242  36 1
395  36 2
493  36 1
 55  37 1
 36  37 1
220  37 1
286  37 1
437  38 1
421  38 2
508  38 2
188  38 1
580  39 1
291  39 1
943  39 2
691  39 1
598  40 2
178  40 2
377  40 1
397  40 2
432  41 1
878  41 2
928  41 1
614  41 2
519  42 2
331  42 2
940  42 2
910  42 1
785  43 2
 46  43 1
245  43 1
367  43 1
699  44 2
963  44 2
612  44 1
462  44 1
526  45 2
991  45 1
226  45 1
564  45 1
495  46 2
601  46 1
936  46 2
934  46 2
742  47 1
183  47 2
936  47 2
461  47 2
312  48 2
287  48 2
233  48 1
738  48 2
425  49 2
296  49 1
400  49 1
656  49 2
370  50 2
392  50 1
995  50 2
713  50 2
305  51 1
840  51 2
699  51 2
320  51 2
895  52 2
999  52 2
 51  52 1
952  52 1
347  53 1
281  53 1
701  53 1
175  53 1
 68  54 2
681  54 2
763  54 2
673  54 2
230  55 2
391  55 2
651  55 2
258  55 2
569  56 2
812  56 1
462  56 1
921  56 1
388  57 2
175  57 1
776  57 2
995  57 1
258  58 2
292  58 1
  5  58 2
775  58 2
150  59 2
156  59 1
592  59 1
621  59 2
848  60 1
341  60 2
 20  60 1
301  60 1
408  61 2
218  61 1
991  61 1
967  61 1
141  62 2
395  62 1
385  62 1
279  62 1
924  63 1
872  63 1
794  63 1
743  63 2
736  64 2
718  64 2
412  64 2
508  64 1
595  65 2
259  65 1
 89  65 1
205  65 1
397  66 2
542  66 2
725  66 1
180  66 1
486  67 2
 12  67 2
633  67 1
 50  67 2
344  68 2
668  68 2
555  68 2
239  68 1
249  69 2
121  69 1
156  69 1
160  69 2
731  70 1
493  70 1
316  70 1
849  70 2
675  71 1
 82  71 1
750  71 2
 75  71 1
583  72 1
116  72 1
526  72 2
386  72 2
 57  73 1
426  73 1
537  73 1
593  73 1
751  74 2
206  74 1
580  74 2
  9  74 1
193  75 2
393  75 1
288  75 2
132  75 1
 71  76 2
914  76 1
465  76 2
736  76 2
942  77 2
528  77 2
 72  77 2
139  77 2
896  78 1
964  78 2
547  78 2
966  78 1
754  79 1
 60  79 2
278  79 1
520  79 1
267  80 2
733  80 2
694  80 1
689  80 1
775  81 1
363  81 1
384  81 2
486  81 2
960  82 1
205  82 2
427  82 1
989  82 1
373  83 1
225  83 2
763  83 2
348  83 1
146  84 2
113  84 1
586  84 1
361  84 2
 65  85 1
976  85 2
434  85 1
515  85 1
205  86 1
587  86 1
939  86 1
624  86 1
405  87 2
 78  87 1
 85  87 2
274  87 1
 58  88 2
331  88 2
649  88 1
159  88 1
389  89 2
429  89 1
876  89 1
892  89 2
651  90 2
774  90 1
 57  90 2
953  90 1
848  91 1
138  91 2
392  91 2
610  91 2
  1  92 1
946  92 2
242  92 1
809  92 2
165  93 2
701  93 1
280  93 2
 21  93 1
596  94 1
193  94 2
 68  94 2
 50  94 2
684  95 2
893  95 2
348  95 2
507  95 1
881  96 2
513  96 2
757  96 1
858  96 1
789  97 1
220  97 1
265  97 1
187  97 1
446  98 2
192  98 1
 24  98 2
941  98 1
290  99 1
562  99 2
503  99 2
 91  99 1
587 100 2
225 100 1
840 100 1
892 100 1
551 101 2
269 101 1
503 101 1
 63 101 1
583 102 2
599 102 1
803 102 1
855 102 1
158 103 2
389 103 1
725 103 1
495 103 1
891 104 1
506 104 1
204 104 1
 65 104 1
429 105 1
238 105 2
711 105 2
362 105 2
943 106 1
299 106 2
962 106 2
290 106 2
885 107 1
143 107 2
 87 107 2
751 107 1
 23 108 2
183 108 1
501 108 2
968 108 2
797 109 1
894 109 1
 94 109 2
 12 109 1
937 110 2
138 110 1
530 110 1
664 110 1
 32 111 1
234 111 1
269 111 1
544 111 1
262 112 1
 69 112 2
194 112 2
844 112 2
231 113 2
223 113 2
351 113 1
852 113 2
 28 114 2
947 114 1
147 114 2
384 114 2
375 115 2
308 115 1
549 115 2
 69 115 1
 88 116 1
522 116 1
227 116 1
471 116 1
328 117 1
211 117 2
434 117 2
924 117 2
424 118 2
611 118 1
 34 118 2
973 118 2
161 119 1
424 119 2
892 119 1
762 119 1
462 120 2
159 120 2
157 120 1
337 120 1
 78 121 1
372 121 2
419 121 2
 46 121 2
978 122 1
332 122 2
985 122 2
539 122 1
842 123 1
300 123 1
783 123 2
191 123 1
877 124 1
594 124 2
988 124 2
471 124 2
894 125 1
494 125 1
592 125 1
513 125 2
374 126 2
295 126 1
848 126 2
421 126 1
172 127 2
835 127 1
190 127 1
802 127 1
774 128 1
866 128 1
360 128 2
751 128 1
281 129 2
162 129 1
359 129 2
613 129 1
985 130 2
538 130 1
157 130 1
497 130 1
397 131 1
912 131 1
 54 131 2
628 131 2
219 132 2
366 132 2
465 132 2
897 132 2
468 133 2
714 133 1
258 133 2
266 133 2
238 134 1
958 134 1
 96 134 1
251 134 2
542 135 1
424 135 2
305 135 2
630 135 2
591 136 2
 15 136 2
 31 136 1
335 136 2
  5 137 2
502 137 2
353 137 2
664 137 1
699 138 2
657 138 1
922 138 2
960 138 2
927 139 1
827 139 2
820 139 2
880 139 1
343 140 2
214 140 1
370 140 2
763 140 2
576 141 2
147 141 1
621 141 1
771 141 1
303 142 1
549 142 2
  5 142 1
257 142 1
191 143 2
625 143 2
 94 143 2
533 143 2
648 144 2
305 144 1
745 144 2
361 144 1
286 145 1
 96 145 1
108 145 2
476 145 1
468 146 1
273 146 2
182 146 2
198 146 1
214 147 1
543 147 1
385 147 1
 84 147 1
 12 148 1
209 148 2
910 148 1
 17 148 1
317 149 1
822 149 1
733 149 2
565 149 1
454 150 2
509 150 2
407 150 1
115 150 1
147 151 1
463 151 2
159 151 2
804 151 2
632 152 1
744 152 1
840 152 2
 38 152 1
151 153 1
309 153 2
786 153 1
609 153 1
367 154 2
876 154 1
674 154 1
124 154 1
647 155 1
539 155 2
795 155 1
980 155 2
603 156 1
546 156 1
 91 156 2
155 156 1
692 157 1
767 157 2
 85 157 1
430 157 2
147 158 1
204 158 1
216 158 1
356 158 2
542 159 2
175 159 2
955 159 1
717 159 2
572 160 2
780 160 1
226 160 2
393 160 2
274 161 1
654 161 2
690 161 2
823 161 1
603 162 2
876 162 2
281 162 2
443 162 2
980 163 1
 34 163 2
728 163 2
116 163 2
 53 164 1
249 164 1
204 164 1
205 164 2
223 165 1
559 165 1
881 165 2
616 165 2
664 166 2
455 166 2
382 166 2
260 166 2
242 167 2
449 167 1
546 167 2
886 167 1
287 168 1
 29 168 2
397 168 2
701 168 2
190 169 2
873 169 2
 46 169 2
 78 169 1
162 170 1
534 170 2
370 170 1
 91 170 2
583 171 2
362 171 1
884 171 1
129 171 2
137 172 2
524 172 2
549 172 2
394 172 2
853 173 1
  1 173 1
591 173 2
793 173 2
242 174 1
933 174 2
415 174 1
675 174 1
633 175 1
947 175 1
305 175 1
363 175 2
540 176 1
332 176 2
341 176 1
918 176 2
 42 177 2
459 177 2
946 177 2
911 177 1
120 178 2
141 178 1
270 178 1
118 178 2
945 179 1
833 179 2
873 179 2
240 179 2
709 180 2
523 180 2
800 180 1
621 180 1
548 181 2
320 181 2
 34 181 2
694 181 2
313 182 1
258 182 2
351 182 1
670 182 2
259 183 1
225 183 2
516 183 2
835 183 2
348 184 1
780 184 2
582 184 2
696 184 2
300 185 2
267 185 1
 93 185 2
774 185 1
138 186 1
344 186 2
376 186 2
 31 186 1
858 187 1
623 187 2
930 187 1
255 187 2
669 188 1
613 188 1
292 188 1
 21 188 2
833 189 1
769 189 1
 21 189 1
 55 189 1
390 190 2
833 190 2
835 190 1
734 190 1
983 191 1
938 191 1
 70 191 1
931 191 2
792 192 2
326 192 1
816 192 2
265 192 1
689 193 1
726 193 2
825 193 2
436 193 2
  6 194 2
363 194 1
 56 194 2
530 194 1
175 195 1
819 195 1
383 195 2
735 195 1
510 196 1
492 196 2
298 196 1
750 196 1
177 197 2
617 197 2
 72 197 1
938 197 2
719 198 2
782 198 1
881 198 1
711 198 2
257 199 2
643 199 2
866 199 2
773 199 1
847 200 1
751 200 1
 14 200 2
 95 200 2
691 201 1
141 201 2
651 201 2
517 201 2
932 202 2
654 202 1
550 202 1
235 202 2
629 203 1
791 203 1
751 203 1
574 203 1
456 204 2
898 204 1
 31 204 2
447 204 1
197 205 1
222 205 2
268 205 1
352 205 2
348 206 1
111 206 2
134 206 2
 64 206 2
302 207 2
947 207 1
911 207 1
999 207 2
981 208 1
 65 208 2
342 208 2
233 208 1
421 209 2
263 209 2
240 209 2
374 209 1
743 210 2
446 210 1
926 210 2
870 210 2
303 211 1
618 211 1
975 211 1
710 211 1
398 212 1
121 212 2
328 212 1
591 212 2
720 213 1
134 213 1
247 213 1
945 213 1
384 214 1
473 214 2
175 214 1
963 214 2
930 215 1
450 215 1
222 215 1
348 215 2
592 216 1
403 216 2
231 216 2
213 216 1
 63 217 2
582 217 2
572 217 1
860 217 2
591 218 1
262 218 1
928 218 1
803 218 1
889 219 1
682 219 2
 22 219 1
671 219 1
455 220 1
204 220 1
400 220 1
623 220 1
864 221 2
961 221 1
151 221 1
454 221 1
263 222 2
465 222 1
444 222 1
673 222 2
134 223 1
625 223 2
690 223 1
266 223 2
938 224 1
969 224 1
148 224 2
 29 224 1
209 225 2
355 225 2
243 225 1
493 225 2
977 226 1
957 226 1
653 226 2
558 226 1
916 227 2
894 227 1
693 227 1
275 227 1
130 228 2
680 228 1
131 228 2
414 228 1
814 229 1
367 229 2
606 229 1
163 229 1
804 230 1
177 230 2
711 230 2
415 230 2
402 231 2
800 231 1
251 231 2
857 231 1
589 232 1
923 232 2
 83 232 1
 73 232 1
456 233 1
673 233 1
645 233 2
783 233 1
436 234 1
485 234 2
545 234 2
592 234 2
254 235 2
356 235 2
616 235 2
831 235 2
251 236 2
192 236 1
 72 236 1
823 236 1
 78 237 1
809 237 2
362 237 1
330 237 1
334 238 1
487 238 2
174 238 1
693 238 1
757 239 2
387 239 1
 99 239 1
575 239 1
314 240 1
566 240 2
892 240 1
804 240 2
547 241 1
546 241 1
708 241 2
779 241 1
701 242 2
208 242 2
 75 242 1
 32 242 2
975 243 1
431 243 1
350 243 2
388 243 1
135 244 2
212 244 1
624 244 2
579 244 1
180 245 2
399 245 1
 66 245 1
687 245 1
 38 246 2
613 246 1
827 246 2
588 246 1
847 247 1
339 247 1
885 247 1
811 247 1
384 248 1
 28 248 2
411 248 1
895 248 1
 51 249 1
196 249 1
164 249 2
815 249 2
533 250 2
498 250 1
502 250 1
919 250 2
389 251 2
774 251 2
993 251 1
104 251 2
392 252 2
312 252 1
136 252 2
926 252 1
621 253 2
191 253 2
 72 253 1
710 253 2
778 254 2
179 254 2
463 254 1
741 254 2
826 255 1
277 255 1
705 255 2
312 255 1
773 256 1
461 256 1
877 256 1
383 256 1
885 257 2
218 257 1
558 257 2
125 257 1
647 258 2
405 258 2
621 258 2
839 258 1
979 259 2
557 259 2
293 259 1
735 259 1
639 260 2
149 260 1
580 260 2
373 260 1
213 261 2
971 261 1
983 261 2
 63 261 2
289 262 2
926 262 1
408 262 1
142 262 2
 65 263 1
660 263 1
680 263 1
977 263 1
570 264 2
708 264 1
882 264 2
329 264 2
  8 265 2
760 265 2
341 265 1
743 265 2
158 266 2
575 266 1
942 266 1
580 266 2
248 267 2
405 267 1
433 267 2
627 267 2
859 268 1
758 268 1
349 268 2
412 268 1
168 269 2
917 269 2
 15 269 1
835 269 2
768 270 2
 60 270 2
 95 270 2
141 270 1
869 271 2
685 271 1
823 271 2
354 271 1
467 272 1
  3 272 2
741 272 1
201 272 2
126 273 1
943 273 2
735 273 2
290 273 2
195 274 2
231 274 1
587 274 2
 21 274 1
202 275 2
869 275 1
 31 275 1
380 275 1
158 276 2
857 276 2
 30 276 1
522 276 1
220 277 1
725 277 1
458 277 2
544 277 1
481 278 2
248 278 2
512 278 2
499 278 1
887 279 1
894 279 1
986 279 2
778 279 1
209 280 1
853 280 1
149 280 2
822 280 2
888 281 1
247 281 2
799 281 1
101 281 2
785 282 1
767 282 1
348 282 2
388 282 1
248 283 2
590 283 2
261 283 2
386 283 1
690 284 2
167 284 1
903 284 1
203 284 2
917 285 1
 73 285 1
 98 285 1
859 285 2
973 286 1
748 286 2
227 286 1
499 286 1
885 287 2
805 287 1
450 287 1
329 287 2
786 288 1
930 288 2
817 288 1
404 288 2
381 289 2
912 289 1
413 289 1
322 289 2
537 290 1
 85 290 2
478 290 1
516 290 1
869 291 1
956 291 2
240 291 2
 83 291 2
 81 292 2
489 292 2
919 292 1
173 292 1
 77 293 2
497 293 2
608 293 1
409 293 1
527 294 1
115 294 1
 33 294 2
673 294 1
790 295 1
869 295 2
775 295 1
833 295 1
704 296 2
317 296 1
411 296 2
146 296 2
324 297 2
551 297 2
928 297 1
330 297 2
302 298 2
534 298 1
375 298 2
748 298 2
868 299 2
387 299 1
 17 299 2
487 299 1
776 300 2
317 300 1
756 300 1
455 300 1
615 301 1
  8 301 2
429 301 2
713 301 1
744 302 1
633 302 1
678 302 2
315 302 2
162 303 2
334 303 2
756 303 2
831 303 2
655 304 2
 34 304 2
993 304 1
513 304 2
692 305 2
966 305 1
369 305 2
498 305 1
648 306 2
331 306 2
739 306 1
866 306 1
496 307 2
801 307 1
963 307 1
564 307 1
281 308 2
411 308 2
331 308 1
611 308 2
415 309 2
 40 309 2
875 309 1
950 309 2
136 310 1
677 310 2
276 310 2
297 310 2
392 311 2
433 311 2
661 311 2
118 311 1
994 312 2
480 312 2
791 312 2
292 312 2
147 313 2
621 313 2
460 313 2
185 313 2
592 314 2
139 314 2
394 314 2
862 314 2
156 315 1
828 315 2
 15 315 2
 87 315 2
729 316 1
452 316 1
853 316 1
756 316 1
 15 317 1
799 317 1
890 317 2
481 317 2
994 318 2
785 318 2
104 318 1
933 318 1
853 319 1
961 319 2
701 319 2
784 319 2
165 320 2
341 320 1
408 320 2
262 320 2
897 321 2
730 321 2
659 321 2
485 321 2
224 322 2
829 322 2
949 322 1
659 322 2
289 323 1
217 323 2
815 323 2
891 323 2
936 324 1
314 324 1
324 324 1
640 324 1
225 325 1
483 325 1
349 325 2
504 325 1
845 326 1
797 326 2
587 326 2
914 326 1
848 327 1
170 327 2
241 327 2
253 327 2
729 328 1
653 328 2
856 328 2
813 328 2
691 329 2
610 329 1
601 329 1
449 329 2
471 330 1
907 330 2
243 330 2
 86 330 2
266 331 2
840 331 2
932 331 2
582 331 2
995 332 1
530 332 1
720 332 2
244 332 2
239 333 2
150 333 1
792 333 2
400 333 2
434 334 2
454 334 1
472 334 2
781 334 2
  7 335 2
978 335 1
867 335 2
264 335 2
433 336 2
922 336 1
778 336 1
625 336 2
934 337 2
790 337 2
287 337 2
863 337 2
999 338 1
382 338 1
118 338 2
213 338 1
417 339 2
657 339 2
737 339 1
977 339 1
674 340 1
257 340 2
380 340 2
441 340 1
371 341 2
185 341 2
439 341 1
675 341 1
465 342 1
625 342 2
936 342 2
182 342 2
359 343 2
961 343 1
431 343 2
414 343 1
376 344 2
690 344 2
625 344 2
332 344 2
466 345 2
685 345 1
522 345 1
509 345 2
295 346 1
 45 346 2
652 346 2
142 346 2
247 347 2
911 347 2
581 347 1
 60 347 2
266 348 2
569 348 1
207 348 2
 91 348 2
150 349 2
 18 349 1
232 349 1
113 349 2
803 350 1
895 350 2
734 350 1
668 350 2
463 351 1
 49 351 2
535 351 2
236 351 1
183 352 2
929 352 2
448 352 1
696 352 2
834 353 1
412 353 1
352 353 1
386 353 2
951 354 1
219 354 1
776 354 1
461 354 1
166 355 1
503 355 1
689 355 1
355 355 1
858 356 1
819 356 1
372 356 1
275 356 2
850 357 1
109 357 1
187 357 2
824 357 1
254 358 2
592 358 1
491 358 2
883 358 1
818 359 1
117 359 1
799 359 2
940 359 2
840 360 2
540 360 1
641 360 1
809 360 2
397 361 2
294 361 2
253 361 1
398 361 1
311 362 2
363 362 2
133 362 2
268 362 2
118 363 1
527 363 2
158 363 1
483 363 2
668 364 2
754 364 1
537 364 2
681 364 2
184 365 1
195 365 1
679 365 1
779 365 1
 51 366 1
 79 366 2
609 366 2
886 366 2
110 367 1
322 367 1
744 367 1
822 367 2
268 368 2
602 368 2
952 368 1
792 368 1
622 369 2
876 369 1
153 369 1
724 369 2
894 370 2
589 370 1
719 370 2
880 370 1
745 371 2
798 371 1
492 371 2
802 371 1
 75 372 1
  3 372 2
128 372 2
683 372 2
647 373 2
533 373 1
164 373 1
131 373 1
913 374 1
463 374 1
287 374 1
932 374 1
392 375 1
855 375 1
676 375 2
  8 375 1
108 376 2
505 376 2
396 376 1
364 376 1
603 377 1
940 377 1
814 377 2
511 377 1
 11 378 1
886 378 2
208 378 1
824 378 1
686 379 1
408 379 2
290 379 2
914 379 2
366 380 1
718 380 2
599 380 1
956 380 2
490 381 2
127 381 2
224 381 2
304 381 2
622 382 1
138 382 1
905 382 2
987 382 2
468 383 1
958 383 1
773 383 2
893 383 1
522 384 1
549 384 1
505 384 2
199 384 1
984 385 2
585 385 1
307 385 1
725 385 1
685 386 1
769 386 2
747 386 2
460 386 1
319 387 2
438 387 1
289 387 2
268 387 1
703 388 1
 10 388 1
216 388 1
541 388 2
375 389 2
428 389 2
291 389 1
213 389 2
481 390 2
341 390 2
717 390 1
710 390 1
767 391 2
334 391 1
397 391 2
230 391 1
397 392 2
832 392 1
360 392 2
605 392 2
857 393 2
327 393 1
403 393 1
207 393 1
698 394 2
656 394 2
116 394 2
 23 394 2
355 395 2
928 395 1
903 395 2
772 395 2
118 396 1
125 396 1
 80 396 2
956 396 1
944 397 1
581 397 2
536 397 2
966 397 1
689 398 1
421 398 1
957 398 1
711 398 1
643 399 1
767 399 1
365 399 2
354 399 1
 15 400 1
657 400 1
434 400 1
 19 400 1
  2 401 1
196 401 1
948 401 2
924 401 2
 10 402 1
  1 402 2
 26 402 1
589 402 1
818 403 1
210 403 2
278 403 2
361 403 1
748 404 2
 63 404 1
736 404 1
495 404 1
635 405 1
625 405 2
482 405 1
322 405 1
837 406 1
554 406 2
704 406 2
340 406 2
326 407 1
692 407 1
550 407 2
197 407 1
856 408 2
717 408 2
472 408 2
578 408 1
302 409 2
 78 409 2
999 409 2
969 409 2
585 410 2
129 410 2
258 410 1
883 410 2
 84 411 2
919 411 1
721 411 1
529 411 2
664 412 2
  9 412 1
845 412 2
374 412 1
584 413 1
307 413 2
594 413 1
520 413 1
137 414 1
853 414 1
 63 414 1
763 414 2
114 415 2
447 415 1
672 415 2
403 415 2
822 416 2
327 416 2
356 416 1
833 416 1
786 417 1
704 417 2
451 417 1
682 417 1
126 418 1
499 418 2
308 418 1
330 418 2
 16 419 2
344 419 1
529 419 2
429 419 1
 90 420 1
904 420 1
984 420 2
532 420 1
279 421 1
766 421 1
161 421 1
387 421 2
 75 422 1
658 422 2
391 422 2
405 422 2
 58 423 1
871 423 2
709 423 2
723 423 1
419 424 1
 72 424 1
300 424 2
996 424 2
951 425 1
483 425 1
665 425 1
862 425 2
 39 426 1
885 426 2
314 426 2
882 426 2
109 427 1
260 427 1
580 427 1
794 427 2
707 428 2
 65 428 1
445 428 2
595 428 1
927 429 1
777 429 1
650 429 2
981 429 1
554 430 1
844 430 1
922 430 1
747 430 1
794 431 1
 98 431 1
  4 431 2
899 431 2
597 432 1
 46 432 2
875 432 2
776 432 1
521 433 1
133 433 2
 79 433 2
285 433 2
768 434 2
430 434 1
605 434 1
 94 434 1
634 435 1
629 435 1
608 435 2
 27 435 2
136 436 2
836 436 1
300 436 1
482 436 1
389 437 1
 58 437 1
949 437 2
460 437 1
 98 438 1
812 438 1
654 438 1
553 438 2
452 439 2
977 439 2
526 439 1
846 439 2
868 440 1
 93 440 1
182 440 1
315 440 2
931 441 2
802 441 2
 28 441 1
889 441 1
719 442 2
578 442 1
198 442 1
 12 442 2
804 443 1
  6 443 1
 75 443 2
968 443 1
193 444 2
936 444 1
346 444 1
272 444 1
 50 445 2
811 445 2
812 445 2
414 445 1
857 446 1
409 446 2
 82 446 2
238 446 2
155 447 1
511 447 2
818 447 1
759 447 2
134 448 2
 55 448 1
160 448 1
525 448 2
647 449 1
 77 449 1
263 449 2
965 449 1
961 450 2
 42 450 2
901 450 2
113 450 2
244 451 2
855 451 1
755 451 2
735 451 2
933 452 2
603 452 1
725 452 2
165 452 2
 50 453 2
743 453 2
629 453 2
 69 453 2
482 454 2
679 454 1
580 454 1
721 454 1
416 455 1
897 455 2
961 455 2
363 455 1
562 456 1
844 456 1
870 456 1
319 456 2
966 457 2
494 457 1
823 457 2
601 457 2
 42 458 1
909 458 2
749 458 2
846 458 1
671 459 1
316 459 2
917 459 1
972 459 2
962 460 2
438 460 1
865 460 2
508 460 1
621 461 2
931 461 1
715 461 2
123 461 1
451 462 1
519 462 2
844 462 2
490 462 1
502 463 2
867 463 2
344 463 1
704 463 1
743 464 2
640 464 1
858 464 1
470 464 1
396 465 2
713 465 1
448 465 1
649 465 2
231 466 2
167 466 2
547 466 1
181 466 1
953 467 1
  0 467 1
447 467 1
194 467 2
983 468 1
634 468 1
901 468 2
419 468 1
887 469 2
308 469 2
525 469 2
564 469 1
559 470 1
793 470 2
541 470 2
293 470 1
238 471 1
567 471 1
208 471 1
 57 471 2
795 472 1
632 472 1
919 472 2
566 472 1
 25 473 1
756 473 2
955 473 2
601 473 1
171 474 2
412 474 2
737 474 1
459 474 1
986 475 1
574 475 1
436 475 1
151 475 2
161 476 2
 28 476 1
141 476 2
166 476 1
278 477 2
764 477 2
532 477 1
774 477 2
379 478 2
547 478 1
536 478 1
447 478 2
434 479 1
782 479 2
743 479 1
383 479 1
899 480 1
403 480 1
647 480 2
343 480 1
871 481 2
317 481 2
292 481 2
562 481 2
 66 482 2
515 482 2
 45 482 2
507 482 1
423 483 1
226 483 2
531 483 2
433 483 1
287 484 1
 73 484 1
726 484 2
598 484 2
927 485 1
420 485 1
573 485 2
889 485 2
370 486 1
  8 486 1
705 486 2
485 486 2
467 487 1
443 487 1
188 487 1
165 487 2
645 488 1
577 488 2
511 488 1
634 488 2
558 489 2
701 489 2
457 489 1
474 489 1
345 490 1
755 490 1
481 490 2
710 490 1
116 491 2
521 491 2
206 491 2
651 491 1
 22 492 1
858 492 1
 36 492 2
781 492 2
424 493 1
768 493 2
130 493 1
390 493 1
120 494 1
609 494 1
422 494 2
216 494 2
690 495 2
827 495 1
187 495 2
427 495 1
231 496 1
750 496 2
191 496 1
953 496 2
841 497 1
608 497 1
886 497 1
918 497 2
378 498 2
175 498 1
225 498 2
765 498 2
198 499 2
645 499 1
379 499 1
878 499 2
315 500 2
118 500 1
308 500 1
598 500 1
478 501 2
125 501 1
384 501 2
120 501 1
649 502 1
643 502 2
258 502 1
530 502 2
176 503 2
383 503 2
846 503 2
423 503 2
 37 504 1
924 504 2
154 504 1
 41 504 1
607 505 2
496 505 2
723 505 1
206 505 1
617 506 2
313 506 2
255 506 1
810 506 2
362 507 1
134 507 2
765 507 1
567 507 1
116 508 1
595 508 1
471 508 1
543 508 1
388 509 2
603 509 2
448 509 1
348 509 2
966 510 1
277 510 1
742 510 2
678 510 1
532 511 1
636 511 2
728 511 2
428 511 1
262 512 2
410 512 2
265 512 2
 23 512 2
249 513 1
709 513 2
985 513 1
293 513 1
144 514 1
312 514 1
351 514 1
786 514 2
780 515 2
 50 515 2
 89 515 2
716 515 1
572 516 2
434 516 1
493 516 2
758 516 2
774 517 1
362 517 2
831 517 1
609 517 2
 34 518 2
104 518 1
658 518 1
739 518 2
728 519 1
552 519 1
551 519 1
579 519 1
 12 520 1
704 520 2
279 520 2
388 520 2
558 521 1
  6 521 1
 55 521 2
846 521 1
450 522 2
 18 522 2
834 522 1
587 522 2
536 523 2
 36 523 1
449 523 1
862 523 2
737 524 2
237 524 1
598 524 1
468 524 2
794 525 2
870 525 2
317 525 1
648 525 2
169 526 1
316 526 1
 93 526 1
 22 526 2
162 527 2
357 527 2
 65 527 2
483 527 2
549 528 1
999 528 1
 35 528 1
505 528 2
320 529 1
349 529 2
552 529 1
486 529 2
873 530 1
256 530 2
772 530 1
277 530 1
658 531 1
164 531 2
817 531 1
182 531 2
430 532 2
217 532 1
351 532 1
116 532 2
658 533 2
802 533 2
981 533 1
 66 533 1
780 534 2
990 534 1
706 534 1
 25 534 1
476 535 2
633 535 1
827 535 2
553 535 1
837 536 2
744 536 1
649 536 2
113 536 2
653 537 2
172 537 2
841 537 1
 12 537 1
256 538 2
956 538 2
596 538 2
987 538 2
253 539 2
938 539 1
970 539 2
335 539 1
169 540 1
235 540 2
218 540 1
641 540 1
562 541 1
621 541 2
952 541 2
780 541 2
781 542 1
667 542 1
183 542 2
 55 542 1
851 543 1
 52 543 1
344 543 1
 70 543 2
920 544 1
260 544 1
878 544 2
394 544 2
852 545 2
626 545 2
 68 545 1
601 545 1
143 546 2
716 546 2
168 546 1
239 546 2
854 547 2
665 547 2
394 547 2
 71 547 1
980 548 2
477 548 2
282 548 1
962 548 2
206 549 2
286 549 1
602 549 2
474 549 1
935 550 1
130 550 1
484 550 2
868 550 2
416 551 2
465 551 2
407 551 1
884 551 1
105 552 1
558 552 2
 30 552 1
290 552 1
558 553 2
908 553 2
855 553 2
408 553 1
618 554 2
 68 554 1
 53 554 2
 31 554 1
582 555 1
742 555 2
760 555 2
613 555 2
 27 556 1
485 556 1
384 556 2
887 556 1
696 557 1
889 557 2
810 557 2
798 557 2
562 558 2
572 558 2
615 558 1
398 558 2
161 559 2
743 559 2
106 559 1
919 559 2
468 560 1
 57 560 2
519 560 1
 27 560 1
992 561 2
829 561 2
115 561 2
669 561 2
368 562 1
750 562 1
751 562 2
402 562 1
 65 563 2
110 563 2
497 563 1
650 563 2
553 564 2
361 564 2
304 564 2
258 564 1
191 565 2
473 565 2
167 565 1
159 565 2
510 566 2
146 566 2
500 566 2
355 566 2
546 567 1
193 567 1
361 567 1
 55 567 1
637 568 1
196 568 2
742 568 2
480 568 2
944 569 1
621 569 1
718 569 2
461 569 1
944 570 1
895 570 2
 70 570 1
903 570 2
953 571 2
594 571 1
562 571 1
605 571 2
 70 572 1
563 572 2
265 572 1
761 572 1
823 573 1
410 573 2
127 573 1
257 573 2
462 574 1
580 574 1
259 574 1
675 574 1
106 575 2
327 575 1
180 575 2
144 575 1
545 576 1
576 576 2
910 576 2
570 576 1
384 577 2
954 577 2
862 577 2
745 577 2
589 578 1
 67 578 1
 89 578 2
125 578 2
816 579 2
101 579 1
572 579 1
943 579 1
895 580 1
578 580 1
751 580 2
378 580 1
701 581 2
498 581 1
264 581 1
768 581 1
464 582 1
239 582 2
512 582 2
 60 582 1
810 583 2
718 583 2
866 583 1
621 583 2
153 584 1
  7 584 1
319 584 2
228 584 2
646 585 1
165 585 1
163 585 1
 51 585 2
928 586 1
431 586 2
808 586 1
456 586 2
624 587 1
638 587 2
345 587 1
199 587 2
603 588 1
 10 588 2
187 588 2
941 588 2
723 589 2
814 589 1
703 589 2
616 589 2
149 590 1
260 590 1
994 590 2
 54 590 2
517 591 2
 89 591 2
275 591 1
536 591 1
643 592 2
 20 592 1
796 592 2
924 592 1
963 593 2
560 593 2
773 593 2
968 593 1
521 594 2
875 594 2
708 594 1
831 594 1
518 595 2
125 595 1
748 595 1
753 595 1
 19 596 1
996 596 2
194 596 2
 94 596 1
746 597 2
334 597 2
161 597 2
375 597 1
742 598 2
332 598 2
228 598 1
887 598 2
431 599 2
310 599 2
569 599 1
993 599 2
745 600 2
587 600 2
578 600 2
454 600 1
175 601 2
139 601 2
413 601 1
381 601 2
848 602 2
697 602 2
430 602 1
353 602 1
234 603 2
979 603 2
435 603 2
515 603 1
422 604 2
224 604 1
158 604 2
818 604 2
720 605 1
487 605 2
867 605 1
383 605 2
110 606 2
 67 606 2
416 606 2
717 606 2
637 607 1
645 607 2
 20 607 2
127 607 2
627 608 1
498 608 1
611 608 1
983 608 2
382 609 1
486 609 1
125 609 2
948 609 2
879 610 1
 79 610 2
344 610 1
738 610 1
177 611 1
143 611 1
844 611 2
742 611 1
885 612 2
660 612 2
925 612 2
931 612 2
 88 613 2
301 613 2
235 613 1
357 613 1
513 614 1
904 614 1
632 614 2
373 614 1
235 615 1
784 615 2
 31 615 1
544 615 2
351 616 2
602 616 2
 62 616 2
463 616 1
918 617 2
436 617 1
448 617 1
559 617 2
 21 618 1
293 618 1
 39 618 1
343 618 2
908 619 1
177 619 2
 54 619 2
652 619 1
726 620 1
659 620 2
308 620 1
450 620 2
463 621 2
723 621 2
 89 621 2
621 621 1
 32 622 2
612 622 1
520 622 2
483 622 2
546 623 1
236 623 2
582 623 2
265 623 2
428 624 2
 74 624 1
687 624 2
 33 624 1
335 625 1
 84 625 2
273 625 2
637 625 2
 95 626 2
783 626 2
430 626 2
322 626 1
730 627 2
836 627 2
240 627 1
972 627 2
445 628 2
485 628 1
385 628 2
161 628 1
385 629 1
540 629 1
267 629 1
796 629 1
596 630 2
532 630 2
100 630 1
303 630 2
853 631 1
 59 631 2
140 631 1
925 631 1
456 632 2
935 632 2
335 632 2
 20 632 2
490 633 2
197 633 2
652 633 1
766 633 2
254 634 2
283 634 2
210 634 2
388 634 1
629 635 2
925 635 2
658 635 2
798 635 2
611 636 1
121 636 1
123 636 2
926 636 2
511 637 2
229 637 2
547 637 1
692 637 1
711 638 1
 64 638 2
154 638 1
955 638 1
478 639 2
624 639 2
319 639 1
582 639 2
359 640 1
435 640 1
115 640 2
726 640 1
 38 641 2
 45 641 1
967 641 2
648 641 1
472 642 2
224 642 1
929 642 1
422 642 1
743 643 1
957 643 1
367 643 1
765 643 2
140 644 2
138 644 1
883 644 1
895 644 2
502 645 2
888 645 2
578 645 1
374 645 2
865 646 1
736 646 1
367 646 1
390 646 1
804 647 2
695 647 1
251 647 2
701 647 2
888 648 2
 75 648 2
660 648 2
948 648 1
205 649 1
210 649 2
574 649 2
983 649 2
551 650 2
690 650 1
175 650 2
183 650 2
435 651 1
943 651 2
775 651 1
112 651 1
914 652 1
486 652 2
399 652 2
217 652 1
863 653 2
266 653 2
411 653 1
618 653 2
632 654 2
899 654 1
346 654 2
478 654 2
706 655 2
810 655 1
430 655 1
130 655 1
 55 656 2
639 656 1
867 656 1
 27 656 2
170 657 2
877 657 2
161 657 1
270 657 2
699 658 1
775 658 2
518 658 1
132 658 1
955 659 1
784 659 1
789 659 2
905 659 2
876 660 2
559 660 2
322 660 2
758 660 1
474 661 1
519 661 2
686 661 2
254 661 2
613 662 1
358 662 2
171 662 1
 34 662 1
998 663 2
587 663 1
825 663 1
706 663 1
628 664 1
457 664 2
106 664 2
564 664 2
703 665 1
937 665 2
678 665 1
720 665 2
271 666 2
625 666 2
956 666 2
 17 666 1
261 667 2
994 667 2
 93 667 2
841 667 1
773 668 2
463 668 2
509 668 2
385 668 2
914 669 2
435 669 2
817 669 2
440 669 2
318 670 1
525 670 2
577 670 1
 43 670 1
599 671 1
 18 671 2
  2 671 2
595 671 1
990 672 2
893 672 1
242 672 1
314 672 2
352 673 1
206 673 1
789 673 2
389 673 1
957 674 2
 74 674 1
489 674 2
186 674 1
252 675 1
945 675 2
451 675 2
617 675 2
413 676 2
606 676 1
844 676 1
179 676 1
358 677 2
129 677 2
344 677 2
413 677 1
879 678 1
597 678 2
565 678 2
501 678 1
430 679 1
646 679 2
 10 679 2
361 679 2
374 680 1
818 680 2
750 680 1
789 680 1
 34 681 2
 53 681 2
135 681 1
901 681 1
426 682 2
457 682 2
 32 682 2
921 682 1
 56 683 1
521 683 1
635 683 2
184 683 1
417 684 2
 59 684 1
961 684 1
324 684 2
660 685 1
391 685 2
855 685 2
703 685 1
463 686 1
725 686 1
714 686 1
353 686 1
911 687 1
299 687 1
418 687 2
798 687 1
 85 688 1
469 688 1
492 688 1
747 688 1
393 689 2
138 689 2
102 689 1
990 689 2
880 690 2
967 690 2
442 690 2
 45 690 2
221 691 2
868 691 2
699 691 1
445 691 1
626 692 1
 59 692 2
944 692 1
392 692 2
157 693 2
872 693 2
445 693 1
143 693 1
164 694 2
703 694 1
377 694 2
183 694 2
287 695 1
744 695 1
773 695 2
124 695 2
117 696 1
 89 696 1
382 696 1
675 696 1
372 697 2
 37 697 1
379 697 1
989 697 2
 15 698 2
672 698 1
129 698 1
879 698 1
 76 699 1
750 699 2
121 699 1
227 699 2
151 700 2
196 700 2
143 700 1
367 700 1
415 701 1
607 701 2
471 701 1
 46 701 1
767 702 1
785 702 1
421 702 1
621 702 2
948 703 2
142 703 1
228 703 1
442 703 2
671 704 2
310 704 2
 58 704 1
376 704 1
234 705 2
326 705 2
793 705 2
149 705 1
459 706 1
866 706 2
682 706 1
244 706 1
251 707 2
260 707 1
133 707 2
 78 707 2
218 708 2
975 708 2
812 708 1
922 708 1
327 709 1
 37 709 2
374 709 2
 60 709 1
630 710 1
258 710 2
739 710 2
698 710 1
315 711 1
351 711 2
444 711 2
488 711 1
394 712 2
480 712 2
287 712 1
734 712 1
 18 713 1
907 713 2
741 713 1
914 713 2
211 714 2
198 714 2
537 714 2
786 714 2
326 715 2
657 715 1
886 715 2
505 715 1
155 716 2
337 716 2
372 716 1
670 716 1
298 717 1
306 717 1
904 717 1
741 717 1
676 718 2
 54 718 2
294 718 2
465 718 2
197 719 2
476 719 1
432 719 1
323 719 1
526 720 1
874 720 2
524 720 1
574 720 2
603 721 1
794 721 1
346 721 2
 85 721 1
677 722 2
642 722 2
602 722 1
 20 722 2
450 723 1
273 723 2
405 723 1
477 723 1
967 724 2
416 724 2
191 724 1
963 724 2
367 725 1
115 725 2
 48 725 1
984 725 2
912 726 2
890 726 2
781 726 2
469 726 1
304 727 2
748 727 2
461 727 2
528 727 2
459 728 1
623 728 1
359 728 1
803 728 1
841 729 2
431 729 1
453 729 2
541 729 1
756 730 2
 59 730 2
659 730 2
940 730 1
893 731 1
937 731 1
404 731 2
640 731 2
543 732 1
374 732 2
414 732 1
529 732 1
103 733 1
800 733 2
470 733 1
174 733 2
760 734 2
998 734 2
758 734 2
993 734 2
318 735 1
341 735 2
986 735 2
561 735 1
165 736 1
616 736 2
929 736 1
277 736 1
 36 737 1
531 737 1
699 737 2
597 737 2
333 738 2
552 738 2
155 738 2
775 738 1
965 739 2
490 739 2
132 739 1
 25 739 1
275 740 2
217 740 1
465 740 2
108 740 2
236 741 2
406 741 2
275 741 1
503 741 2
852 742 2
343 742 1
433 742 1
 57 742 1
723 743 2
751 743 1
246 743 2
782 743 1
153 744 2
653 744 2
748 744 2
753 744 2
890 745 1
526 745 1
297 745 1
971 745 1
656 746 1
164 746 2
710 746 2
166 746 2
341 747 2
375 747 2
280 747 1
 41 747 1
  3 748 1
221 748 2
282 748 1
414 748 2
183 749 1
 99 749 1
 98 749 2
177 749 2
171 750 1
127 750 2
765 750 2
999 750 1
405 751 2
 92 751 1
575 751 2
659 751 2
648 752 2
 48 752 1
567 752 2
 56 752 2
211 753 1
822 753 2
468 753 1
909 753 1
461 754 1
 54 754 1
  8 754 2
574 754 1
361 755 2
355 755 2
950 755 2
 83 755 1
 55 756 2
515 756 1
153 756 2
904 756 1
952 757 2
201 757 1
370 757 1
613 757 2
916 758 1
536 758 2
620 758 2
446 758 1
953 759 2
336 759 1
492 759 2
960 759 2
 44 760 1
585 760 2
783 760 1
867 760 1
229 761 1
223 761 2
138 761 2
185 761 2
207 762 2
937 762 2
513 762 1
339 762 1
534 763 1
595 763 1
414 763 1
 63 763 1
445 764 2
355 764 1
 83 764 1
918 764 1
684 765 2
679 765 2
386 765 1
460 765 2
456 766 2
762 766 1
828 766 2
818 766 1
442 767 1
338 767 1
501 767 1
 78 767 1
866 768 2
385 768 1
634 768 1
 65 768 2
342 769 2
275 769 1
690 769 2
730 769 1
186 770 2
732 770 2
953 770 2
707 770 1
166 771 1
 44 771 2
883 771 1
 53 771 1
451 772 2
297 772 2
181 772 2
517 772 1
585 773 1
855 773 2
124 773 1
764 773 1
767 774 1
368 774 1
674 774 2
309 774 2
792 775 1
187 775 1
527 775 2
763 775 2
157 776 1
302 776 1
699 776 1
 17 776 2
 81 777 1
396 777 2
 62 777 1
280 777 1
630 778 2
146 778 1
995 778 2
654 778 2
656 779 2
812 779 1
843 779 2
634 779 2
 91 780 1
176 780 2
470 780 2
305 780 2
264 781 2
789 781 2
549 781 1
574 781 2
 25 782 1
419 782 1
142 782 2
 94 782 2
496 783 1
509 783 2
174 783 2
158 783 1
663 784 1
235 784 2
761 784 2
590 784 2
291 785 2
 61 785 2
805 785 1
718 785 1
291 786 2
  5 786 1
457 786 1
586 786 1
591 787 2
458 787 1
 46 787 2
744 787 1
640 788 2
752 788 1
325 788 2
447 788 2
435 789 1
 58 789 1
654 789 1
350 789 2
961 790 1
720 790 2
323 790 2
906 790 2
930 791 1
403 791 2
796 791 1
611 791 2
727 792 2
966 792 2
746 792 1
 91 792 1
205 793 2
921 793 2
573 793 1
451 793 1
224 794 2
545 794 2
955 794 1
376 794 2
943 795 1
933 795 1
 43 795 2
 72 795 1
988 796 1
212 796 1
121 796 1
381 796 1
400 797 2
485 797 1
994 797 2
113 797 1
933 798 2
251 798 1
912 798 2
216 798 2
991 799 1
257 799 1
491 799 1
 54 799 2
101 800 1
  7 800 2
133 800 2
340 800 2
809 801 1
187 801 1
714 801 2
253 801 1
228 802 2
732 802 2
865 802 1
856 802 2
839 803 1
301 803 2
 52 803 2
349 803 1
679 804 2
612 804 1
583 804 2
487 804 1
254 805 2
502 805 1
328 805 1
916 805 1
319 806 2
 79 806 1
899 806 1
502 806 2
524 807 1
756 807 1
521 807 2
667 807 1
174 808 1
746 808 1
845 808 1
629 808 1
389 809 1
385 809 1
456 809 1
902 809 2
280 810 2
 65 810 2
 16 810 1
270 810 1
938 811 2
 98 811 1
142 811 2
816 811 1
439 812 2
416 812 2
818 812 2
399 812 2
624 813 1
173 813 2
872 813 2
356 813 1
850 814 2
348 814 1
378 814 2
718 814 1
177 815 2
 24 815 2
990 815 2
926 815 1
390 816 1
249 816 1
910 816 1
684 816 1
896 817 1
936 817 1
329 817 2
395 817 2
426 818 2
 79 818 1
 77 818 2
897 818 2
357 819 2
439 819 1
203 819 2
326 819 2
188 820 2
224 820 1
572 820 2
289 820 1
300 821 2
774 821 1
734 821 1
234 821 1
877 822 2
839 822 2
625 822 1
335 822 1
592 823 1
812 823 1
863 823 1
607 823 2
433 824 1
436 824 2
409 824 1
845 824 1
966 825 2
750 825 2
  7 825 2
672 825 2
 66 826 2
 93 826 1
347 826 2
480 826 2
806 827 2
190 827 2
842 827 2
114 827 2
288 828 1
764 828 2
982 828 1
321 828 2
 43 829 2
361 829 1
424 829 2
771 829 2
704 830 1
 39 830 2
146 830 2
892 830 2
470 831 2
646 831 1
808 831 2
186 831 2
993 832 1
477 832 2
662 832 2
 58 832 1
637 833 2
881 833 1
745 833 1
908 833 1
779 834 2
123 834 2
725 834 1
943 834 1
183 835 1
406 835 1
 44 835 1
 70 835 2
 91 836 1
 83 836 1
401 836 2
732 836 2
 88 837 1
516 837 2
 16 837 1
521 837 2
650 838 1
444 838 1
204 838 2
927 838 1
829 839 2
732 839 2
922 839 1
705 839 1
603 840 2
131 840 2
478 840 1
933 840 2
599 841 1
246 841 1
474 841 2
 74 841 1
300 842 2
156 842 1
872 842 1
933 842 2
392 843 1
270 843 2
884 843 2
576 843 1
474 844 1
931 844 2
482 844 1
233 844 2
610 845 1
433 845 1
327 845 2
259 845 2
260 846 1
830 846 1
818 846 1
909 846 2
630 847 2
 26 847 2
822 847 1
788 847 1
867 848 2
911 848 1
651 848 2
391 848 2
284 849 1
724 849 2
336 849 2
185 849 1
756 850 2
684 850 2
730 850 1
805 850 2
859 851 2
101 851 2
283 851 1
375 851 1
170 852 1
450 852 1
777 852 2
515 852 1
941 853 1
 76 853 1
493 853 2
674 853 2
476 854 1
655 854 1
700 854 1
921 854 1
628 855 1
802 855 1
355 855 2
273 855 2
455 856 1
848 856 1
511 856 2
425 856 1
924 857 1
759 857 1
979 857 1
487 857 2
875 858 1
514 858 1
 14 858 1
972 858 1
959 859 2
877 859 1
 82 859 1
799 859 2
361 860 2
 42 860 1
207 860 1
888 860 1
296 861 2
582 861 2
883 861 2
 94 861 2
 88 862 2
152 862 1
 89 862 1
992 862 2
712 863 1
939 863 2
457 863 1
 94 863 1
885 864 1
480 864 1
208 864 2
 65 864 2
774 865 2
668 865 2
548 865 1
655 865 2
572 866 2
158 866 1
 38 866 2
852 866 2
335 867 2
537 867 2
396 867 1
798 867 2
410 868 2
696 868 2
284 868 2
676 868 2
125 869 1
909 869 2
360 869 1
424 869 2
711 870 2
147 870 1
990 870 1
796 870 2
823 871 2
190 871 2
802 871 1
213 871 1
676 872 1
637 872 1
882 872 2
840 872 2
518 873 1
276 873 2
330 873 2
636 873 1
972 874 1
676 874 2
163 874 2
263 874 2
921 875 2
229 875 1
394 875 2
659 875 2
452 876 2
530 876 1
  3 876 2
921 876 1
177 877 2
252 877 1
964 877 1
412 877 1
227 878 1
989 878 1
535 878 1
538 878 2
536 879 2
963 879 1
 56 879 2
 93 879 2
242 880 1
460 880 1
722 880 2
697 880 1
339 881 1
 25 881 2
901 881 2
286 881 2
500 882 2
417 882 2
 46 882 2
569 882 1
 47 883 2
889 883 1
333 883 2
744 883 2
112 884 1
997 884 2
491 884 2
509 884 2
 20 885 2
844 885 1
734 885 1
100 885 2
837 886 2
578 886 2
833 886 1
424 886 1
976 887 1
806 887 2
219 887 2
 14 887 2
582 888 1
726 888 2
 69 888 1
648 888 2
191 889 2
368 889 2
227 889 1
498 889 1
921 890 2
 20 890 2
351 890 1
663 890 2
832 891 1
221 891 1
151 891 2
526 891 1
469 892 1
997 892 2
910 892 1
 63 892 2
885 893 1
140 893 2
165 893 2
305 893 2
350 894 2
932 894 1
 80 894 2
721 894 2
 38 895 1
366 895 2
 70 895 2
674 895 2
787 896 1
317 896 2
888 896 1
842 896 2
186 897 1
686 897 1
636 897 1
707 897 1
203 898 2
758 898 1
903 898 1
914 898 2
932 899 2
923 899 1
215 899 1
781 899 1
428 900 1
851 900 1
867 900 2
737 900 1
986 901 1
257 901 2
808 901 1
545 901 1
  6 902 2
 35 902 2
946 902 2
973 902 1
526 903 1
945 903 2
 88 903 1
413 903 1
  2 904 1
141 904 1
934 904 1
553 904 2
534 905 1
244 905 1
917 905 1
611 905 2
888 906 2
488 906 1
950 906 2
994 906 2
881 907 1
159 907 2
608 907 2
304 907 1
122 908 2
 53 908 1
994 908 1
916 908 1
953 909 1
374 909 2
613 909 1
977 909 2
222 910 2
403 910 1
 57 910 1
283 910 1
536 911 1
927 911 1
 73 911 1
132 911 1
557 912 2
723 912 1
444 912 1
 20 912 2
514 913 2
545 913 1
510 913 2
303 913 1
494 914 1
375 914 2
123 914 2
555 914 1
769 915 2
888 915 2
528 915 1
962 915 1
313 916 1
457 916 1
500 916 1
126 916 2
346 917 2
626 917 1
362 917 2
921 917 2
669 918 1
127 918 1
 65 918 2
781 918 2
 78 919 2
525 919 2
355 919 2
182 919 1
452 920 1
400 920 2
445 920 1
697 920 2
 78 921 2
961 921 2
605 921 2
586 921 2
153 922 2
955 922 1
245 922 2
  2 922 1
467 923 2
503 923 1
840 923 2
277 923 1
970 924 1
732 924 1
146 924 2
131 924 1
371 925 2
625 925 2
 87 925 1
416 925 1
181 926 2
640 926 1
160 926 1
247 926 1
619 927 1
472 927 2
531 927 1
915 927 1
586 928 2
689 928 2
360 928 1
815 928 2
904 929 1
 39 929 1
698 929 1
817 929 2
423 930 1
690 930 1
377 930 2
797 930 1
196 931 1
911 931 2
533 931 2
166 931 1
187 932 2
346 932 1
110 932 1
658 932 2
917 933 2
662 933 1
528 933 1
549 933 1
697 934 2
410 934 1
800 934 2
646 934 1
575 935 2
771 935 1
128 935 2
295 935 1
508 936 1
395 936 1
338 936 1
296 936 2
720 937 1
424 937 2
753 937 2
667 937 1
 49 938 1
135 938 2
899 938 2
596 938 2
478 939 2
216 939 2
121 939 1
786 939 2
141 940 1
340 940 1
138 940 1
329 940 2
571 941 2
432 941 2
866 941 2
748 941 1
580 942 1
768 942 1
898 942 2
628 942 1
645 943 1
205 943 1
 58 943 1
591 943 1
403 944 2
523 944 1
372 944 2
954 944 1
 14 945 1
662 945 1
160 945 2
571 945 2
787 946 2
337 946 1
408 946 2
654 946 2
247 947 1
161 947 2
400 947 2
308 947 1
547 948 1
848 948 1
337 948 2
417 948 1
477 949 1
634 949 2
716 949 2
 40 949 2
 82 950 1
997 950 1
559 950 2
117 950 2
897 951 2
662 951 2
959 951 1
369 951 1
542 952 2
278 952 2
534 952 2
773 952 2
259 953 1
336 953 2
309 953 2
571 953 2
  6 954 2
736 954 1
  8 954 2
761 954 1
478 955 1
103 955 2
326 955 1
508 955 2
435 956 1
779 956 1
352 956 2
191 956 2
873 957 1
403 957 2
469 957 2
470 957 1
925 958 2
909 958 2
 38 958 2
741 958 1
981 959 1
502 959 1
127 959 2
876 959 1
785 960 2
807 960 1
261 960 1
658 960 1
666 961 1
479 961 2
373 961 2
315 961 1
 71 962 2
618 962 1
186 962 1
673 962 2
128 963 2
740 963 1
 31 963 2
891 963 2
633 964 2
585 964 1
636 964 1
963 964 2
  6 965 1
299 965 1
 37 965 2
 77 965 1
617 966 1
127 966 2
534 966 1
870 966 2
843 967 2
804 967 2
182 967 2
 12 967 1
282 968 2
156 968 1
434 968 1
789 968 2
815 969 1
456 969 2
272 969 1
708 969 2
728 970 1
 69 970 1
760 970 1
417 970 2
511 971 1
148 971 2
971 971 1
164 971 1
934 972 2
997 972 1
219 972 2
844 972 1
 59 973 1
415 973 2
870 973 1
681 973 1
530 974 2
344 974 1
125 974 1
743 974 2
289 975 1
414 975 2
544 975 2
957 975 1
200 976 1
668 976 1
228 976 1
998 976 1
 62 977 2
147 977 2
 76 977 2
113 977 1
337 978 1
483 978 1
889 978 2
180 978 1
987 979 2
582 979 2
326 979 2
934 979 2
599 980 1
903 980 2
547 980 2
186 980 1
410 981 2
613 981 2
  0 981 2
623 981 2
 24 982 2
433 982 1
107 982 1
521 982 2
772 983 2
  9 983 2
956 983 2
696 983 2
179 984 1
930 984 1
174 984 1
366 984 2
973 985 2
288 985 1
579 985 1
410 985 2
685 986 1
470 986 2
810 986 2
737 986 2
996 987 2
396 987 2
449 987 2
619 987 1
533 988 2
497 988 2
389 988 1
994 988 2
 29 989 2
344 989 1
360 989 1
503 989 1
974 990 1
 53 990 2
585 990 2
632 990 2
104 991 1
230 991 1
659 991 2
823 991 1
275 992 1
740 992 2
734 992 2
251 992 1
409 993 2
894 993 1
771 993 1
321 993 2
900 994 2
937 994 1
644 994 1
570 994 2
966 995 1
986 995 2
355 995 1
863 995 1
528 996 2
 24 996 1
487 996 1
399 996 2
597 997 2
185 997 1
222 997 1
596 997 1
708 998 1
292 998 2
951 998 1
843 998 2
253 999 1
 56 999 2
489 999 2
697 999 2
  0   0 0
