720 0 1
975 0 1
622 0 2
413 0 2
356 0 2
991 0 2
98 0 2
890 0 1
192 1 2
64 1 1
621 1 2
78 1 2
932 1 1
980 1 1
282 1 1
676 1 1
100 2 2
267 2 1
467 2 2
862 2 1
373 2 2
539 2 1
896 2 2
915 2 1
467 3 2
436 3 1
972 3 1
234 3 1
664 3 2
132 3 1
927 3 2
567 3 1
192 4 2
759 4 1
135 4 2
752 4 1
265 4 1
895 4 1
458 4 2
70 4 1
373 5 1
326 5 1
497 5 2
9 5 1
331 5 2
134 5 1
231 5 1
380 5 1
436 6 2
482 6 2
56 6 2
537 6 1
802 6 2
79 6 2
324 6 2
282 6 1
350 7 2
160 7 1
514 7 2
45 7 1
861 7 1
814 7 1
351 7 2
232 7 2
809 8 2
438 8 1
98 8 2
10 8 2
214 8 1
637 8 1
925 8 2
306 8 1
964 9 1
814 9 1
287 9 2
680 9 1
424 9 2
534 9 1
743 9 1
212 9 1
123 10 1
959 10 1
801 10 2
856 10 2
583 10 1
339 10 1
907 10 2
242 10 2
463 11 1
526 11 1
366 11 2
827 11 1
490 11 2
623 11 1
429 11 2
488 11 1
897 12 2
118 12 1
343 12 1
558 12 1
457 12 1
55 12 1
780 12 2
744 12 1
839 13 2
824 13 1
854 13 1
581 13 1
907 13 2
247 13 1
879 13 2
388 13 2
94 14 2
517 14 1
493 14 2
356 14 1
761 14 1
561 14 1
239 14 2
124 14 2
111 15 1
997 15 1
443 15 2
318 15 2
583 15 2
777 15 1
113 15 2
923 15 1
962 16 2
75 16 2
390 16 2
433 16 2
655 16 2
145 16 2
582 16 2
201 16 1
571 17 2
390 17 1
504 17 2
674 17 1
556 17 1
564 17 1
377 17 1
282 17 1
968 18 2
671 18 2
200 18 2
114 18 1
658 18 2
638 18 2
777 18 2
914 18 2
441 19 2
398 19 1
438 19 1
457 19 1
904 19 1
712 19 1
351 19 1
811 19 1
493 20 2
148 20 2
919 20 2
207 20 1
219 20 2
979 20 2
351 20 2
995 20 1
442 21 2
650 21 2
247 21 2
643 21 1
665 21 2
453 21 2
312 21 2
675 21 2
196 22 2
817 22 1
866 22 1
215 22 1
617 22 2
66 22 2
807 22 2
21 22 2
871 23 2
605 23 2
249 23 2
980 23 1
417 23 1
375 23 1
693 23 1
904 23 1
210 24 1
608 24 1
140 24 1
674 24 1
22 24 2
438 24 1
590 24 2
324 24 1
832 25 2
269 25 1
611 25 2
695 25 1
217 25 2
535 25 2
842 25 2
950 25 2
818 26 1
846 26 1
917 26 1
903 26 1
121 26 2
302 26 2
37 26 1
350 26 1
787 27 1
707 27 1
953 27 2
532 27 1
891 27 2
766 27 2
775 27 2
588 27 2
451 28 2
276 28 1
10 28 2
891 28 1
995 28 1
483 28 1
827 28 2
892 28 2
529 29 2
717 29 2
323 29 2
101 29 1
749 29 2
942 29 1
912 29 1
198 29 1
937 30 2
619 30 1
390 30 2
210 30 2
202 30 1
614 30 1
993 30 1
301 30 1
511 31 2
595 31 2
224 31 1
696 31 1
423 31 2
321 31 1
485 31 1
545 31 1
926 32 2
365 32 2
718 32 1
192 32 1
995 32 1
583 32 1
619 32 2
585 32 2
982 33 2
521 33 2
208 33 2
668 33 1
975 33 2
85 33 1
915 33 2
376 33 1
938 34 2
99 34 1
843 34 2
616 34 1
626 34 1
168 34 1
952 34 2
551 34 2
922 35 2
678 35 2
98 35 1
316 35 1
587 35 2
177 35 1
770 35 2
679 35 1
533 36 2
186 36 2
892 36 1
242 36 1
395 36 2
250 36 1
840 36 1
493 36 1
516 37 1
55 37 1
730 37 2
36 37 1
594 37 1
220 37 1
580 37 1
286 37 1
982 38 2
437 38 1
421 38 2
298 38 1
508 38 2
465 38 1
759 38 2
188 38 1
336 39 1
580 39 1
550 39 1
291 39 1
943 39 2
286 39 1
488 39 2
691 39 1
655 40 2
598 40 2
223 40 2
178 40 2
462 40 2
377 40 1
397 40 2
414 40 1
980 41 2
432 41 1
878 41 2
717 41 1
152 41 1
928 41 1
614 41 2
75 41 1
519 42 2
125 42 1
430 42 2
331 42 2
940 42 2
361 42 1
472 42 2
910 42 1
830 43 2
785 43 2
866 43 1
46 43 1
544 43 2
245 43 1
383 43 1
367 43 1
699 44 2
113 44 1
994 44 2
963 44 2
92 44 1
612 44 1
413 44 1
462 44 1
308 45 2
526 45 2
376 45 1
991 45 1
317 45 2
226 45 1
181 45 2
564 45 1
726 46 2
495 46 2
82 46 2
601 46 1
137 46 2
936 46 2
132 46 2
934 46 2
241 47 2
742 47 1
452 47 2
183 47 2
936 47 2
760 47 1
461 47 2
220 47 1
797 48 2
312 48 2
287 48 2
716 48 1
857 48 1
233 48 1
223 48 2
738 48 2
425 49 2
110 49 1
391 49 1
296 49 1
159 49 2
400 49 1
397 49 2
656 49 2
461 50 2
370 50 2
654 50 1
392 50 1
995 50 2
263 50 1
943 50 2
713 50 2
292 51 1
305 51 1
538 51 2
840 51 2
731 51 2
699 51 2
320 51 2
696 51 1
895 52 2
936 52 1
999 52 2
245 52 1
60 52 1
51 52 1
511 52 2
952 52 1
106 53 1
347 53 1
398 53 1
281 53 1
872 53 1
701 53 1
377 53 1
175 53 1
748 54 2
68 54 2
681 54 2
547 54 1
763 54 2
889 54 1
673 54 2
149 54 1
461 55 2
230 55 2
391 55 2
28 55 1
651 55 2
597 55 1
258 55 2
470 55 1
698 56 2
569 56 2
669 56 2
812 56 1
957 56 2
462 56 1
271 56 2
921 56 1
602 57 2
388 57 2
854 57 2
175 57 1
776 57 2
472 57 1
837 57 1
995 57 1
532 58 2
258 58 2
483 58 2
292 58 1
937 58 2
5 58 2
775 58 2
807 58 1
106 59 2
150 59 2
395 59 2
156 59 1
911 59 1
592 59 1
46 59 2
621 59 2
950 60 2
848 60 1
466 60 2
341 60 2
79 60 2
20 60 1
173 60 1
301 60 1
408 61 2
752 61 1
83 61 2
218 61 1
692 61 1
991 61 1
669 61 1
967 61 1
950 62 2
141 62 2
2 62 2
395 62 1
980 62 1
385 62 1
435 62 1
279 62 1
748 63 2
924 63 1
907 63 1
872 63 1
464 63 2
794 63 1
178 63 2
743 63 2
736 64 2
992 64 1
718 64 2
86 64 1
279 64 2
412 64 2
124 64 1
508 64 1
325 65 2
595 65 2
4 65 1
259 65 1
844 65 1
89 65 1
466 65 1
205 65 1
761 66 2
397 66 2
542 66 2
121 66 1
73 66 1
725 66 1
543 66 2
180 66 1
486 67 2
166 67 1
12 67 2
761 67 1
937 67 2
633 67 1
793 67 2
50 67 2
941 68 2
344 68 2
789 68 2
668 68 2
889 68 2
555 68 2
364 68 1
239 68 1
455 69 2
249 69 2
85 69 1
121 69 1
628 69 1
156 69 1
428 69 2
160 69 2
215 70 1
731 70 1
112 70 1
493 70 1
275 70 2
316 70 1
849 70 2
881 70 1
105 71 2
675 71 1
697 71 1
82 71 1
750 71 2
761 71 1
401 71 1
75 71 1
156 72 1
583 72 1
972 72 2
116 72 1
526 72 2
649 72 1
758 72 2
386 72 2
246 73 2
57 73 1
451 73 1
426 73 1
428 73 1
537 73 1
335 73 2
593 73 1
751 74 2
505 74 1
232 74 2
206 74 1
949 74 2
580 74 2
647 74 1
9 74 1
193 75 2
959 75 1
530 75 2
393 75 1
601 75 2
288 75 2
954 75 1
132 75 1
71 76 2
441 76 1
803 76 2
914 76 1
171 76 2
465 76 2
344 76 2
736 76 2
356 77 2
942 77 2
481 77 2
528 77 2
72 77 2
746 77 1
586 77 2
139 77 2
198 78 1
896 78 1
669 78 2
964 78 2
771 78 2
547 78 2
671 78 1
966 78 1
817 79 1
754 79 1
60 79 2
535 79 1
987 79 1
278 79 1
845 79 2
520 79 1
267 80 2
560 80 1
733 80 2
25 80 1
912 80 2
694 80 1
777 80 2
689 80 1
453 81 1
775 81 1
474 81 2
363 81 1
258 81 2
384 81 2
486 81 2
602 81 1
186 82 1
960 82 1
929 82 2
205 82 2
778 82 2
427 82 1
740 82 2
989 82 1
509 83 2
373 83 1
225 83 2
90 83 1
784 83 2
763 83 2
301 83 2
348 83 1
918 84 2
146 84 2
396 84 2
113 84 1
104 84 2
586 84 1
361 84 2
497 84 1
833 85 2
65 85 1
450 85 2
976 85 2
477 85 2
434 85 1
285 85 1
515 85 1
441 86 1
205 86 1
723 86 1
587 86 1
198 86 2
939 86 1
580 86 1
624 86 1
405 87 2
790 87 1
116 87 1
78 87 1
289 87 2
85 87 2
430 87 1
274 87 1
561 88 2
58 88 2
174 88 2
331 88 2
777 88 2
649 88 1
169 88 1
159 88 1
315 89 2
389 89 2
752 89 1
429 89 1
150 89 2
876 89 1
403 89 2
892 89 2
651 90 2
162 90 1
92 90 2
774 90 1
57 90 2
816 90 1
66 90 2
953 90 1
368 91 1
848 91 1
138 91 2
850 91 1
392 91 2
831 91 1
297 91 2
610 91 2
705 92 2
1 92 1
643 92 2
946 92 2
51 92 2
242 92 1
956 92 2
809 92 2
165 93 2
612 93 1
178 93 2
701 93 1
237 93 2
280 93 2
81 93 1
21 93 1
167 94 1
596 94 1
193 94 2
606 94 1
68 94 2
340 94 1
566 94 2
50 94 2
684 95 2
422 95 1
893 95 2
285 95 1
348 95 2
544 95 1
314 95 1
507 95 1
881 96 2
270 96 1
780 96 2
513 96 2
739 96 2
757 96 1
536 96 1
858 96 1
216 97 1
789 97 1
651 97 1
220 97 1
998 97 1
265 97 1
367 97 2
187 97 1
446 98 2
106 98 1
157 98 2
192 98 1
24 98 2
956 98 1
68 98 2
941 98 1
113 99 2
290 99 1
644 99 2
562 99 2
769 99 2
503 99 2
250 99 1
91 99 1
587 100 2
568 100 1
173 100 2
225 100 1
673 100 1
840 100 1
516 100 2
892 100 1
763 101 2
551 101 2
825 101 2
269 101 1
388 101 1
503 101 1
9 101 2
63 101 1
626 102 2
583 102 2
621 102 2
599 102 1
406 102 2
803 102 1
337 102 2
855 102 1
158 103 2
766 103 1
719 103 1
389 103 1
218 103 1
725 103 1
982 103 2
495 103 1
244 104 2
891 104 1
513 104 1
506 104 1
154 104 2
204 104 1
415 104 2
65 104 1
751 105 1
429 105 1
654 105 2
238 105 2
711 105 2
435 105 1
738 105 2
362 105 2
514 106 1
943 106 1
657 106 2
299 106 2
120 106 2
962 106 2
814 106 2
290 106 2
651 107 2
885 107 1
143 107 2
928 107 1
87 107 2
681 107 1
890 107 1
751 107 1
23 108 2
489 108 1
730 108 1
183 108 1
501 108 2
199 108 1
452 108 2
968 108 2
859 109 1
797 109 1
952 109 2
894 109 1
94 109 2
749 109 1
964 109 2
12 109 1
937 110 2
81 110 1
259 110 1
138 110 1
358 110 2
530 110 1
687 110 1
664 110 1
214 111 1
32 111 1
470 111 1
234 111 1
7 111 1
269 111 1
912 111 1
544 111 1
802 112 1
262 112 1
868 112 2
69 112 2
712 112 2
194 112 2
844 112 2
286 112 1
921 113 2
231 113 2
223 113 2
229 113 1
396 113 2
351 113 1
726 113 2
852 113 2
28 114 2
339 114 1
269 114 2
947 114 1
147 114 2
346 114 1
384 114 2
733 114 1
375 115 2
289 115 1
741 115 2
308 115 1
549 115 2
337 115 1
674 115 2
69 115 1
333 116 2
88 116 1
286 116 1
522 116 1
3 116 1
227 116 1
829 116 1
471 116 1
164 117 2
328 117 1
211 117 2
205 117 1
456 117 2
434 117 2
924 117 2
702 117 1
424 118 2
93 118 1
715 118 2
611 118 1
600 118 2
34 118 2
749 118 2
973 118 2
987 119 2
161 119 1
424 119 2
11 119 1
339 119 2
892 119 1
208 119 1
762 119 1
216 120 2
462 120 2
79 120 2
159 120 2
756 120 1
157 120 1
229 120 2
337 120 1
43 121 2
78 121 1
372 121 2
929 121 1
613 121 2
419 121 2
742 121 2
46 121 2
207 122 1
978 122 1
332 122 2
305 122 1
985 122 2
263 122 1
460 122 1
539 122 1
557 123 2
842 123 1
519 123 1
300 123 1
447 123 2
783 123 2
988 123 2
191 123 1
666 124 1
877 124 1
594 124 2
669 124 1
988 124 2
122 124 1
791 124 2
471 124 2
4 125 2
894 125 1
732 125 2
494 125 1
836 125 2
592 125 1
513 125 2
707 125 1
374 126 2
778 126 1
935 126 1
295 126 1
848 126 2
623 126 1
64 126 2
421 126 1
87 127 2
172 127 2
919 127 1
835 127 1
679 127 2
190 127 1
298 127 1
802 127 1
639 128 2
774 128 1
352 128 2
866 128 1
904 128 2
360 128 2
48 128 1
751 128 1
32 129 2
281 129 2
196 129 2
162 129 1
372 129 2
359 129 2
544 129 1
613 129 1
553 130 2
985 130 2
727 130 1
538 130 1
861 130 1
157 130 1
86 130 2
497 130 1
565 131 1
397 131 1
340 131 2
912 131 1
54 131 2
576 131 1
628 131 2
29 131 1
115 132 2
219 132 2
530 132 2
366 132 2
465 132 2
445 132 1
897 132 2
802 132 1
468 133 2
246 133 1
914 133 1
714 133 1
115 133 2
258 133 2
922 133 2
266 133 2
323 134 2
238 134 1
534 134 2
958 134 1
633 134 1
96 134 1
251 134 2
819 134 1
801 135 2
542 135 1
424 135 2
81 135 1
623 135 2
305 135 2
317 135 2
630 135 2
439 136 2
591 136 2
270 136 2
15 136 2
708 136 1
31 136 1
979 136 2
335 136 2
5 137 2
125 137 1
502 137 2
619 137 1
353 137 2
415 137 1
149 137 1
664 137 1
604 138 2
699 138 2
286 138 1
657 138 1
833 138 2
922 138 2
170 138 2
960 138 2
605 139 2
927 139 1
902 139 2
827 139 2
563 139 2
820 139 2
77 139 1
880 139 1
343 140 2
57 140 1
901 140 1
214 140 1
379 140 2
370 140 2
763 140 2
58 140 1
576 141 2
321 141 1
313 141 1
147 141 1
748 141 2
621 141 1
30 141 1
771 141 1
754 142 2
303 142 1
191 142 2
549 142 2
760 142 2
5 142 1
306 142 1
257 142 1
191 143 2
307 143 1
233 143 2
625 143 2
94 143 2
616 143 1
533 143 2
41 143 1
467 144 2
648 144 2
900 144 2
305 144 1
739 144 2
745 144 2
833 144 2
361 144 1
991 145 2
286 145 1
573 145 1
96 145 1
108 145 2
720 145 1
338 145 2
476 145 1
972 146 2
468 146 1
476 146 2
273 146 2
182 146 2
134 146 1
754 146 2
198 146 1
51 147 1
214 147 1
414 147 2
543 147 1
652 147 1
385 147 1
749 147 2
84 147 1
677 148 1
12 148 1
304 148 2
209 148 2
679 148 1
910 148 1
597 148 1
17 148 1
856 149 1
317 149 1
691 149 2
822 149 1
147 149 2
733 149 2
524 149 1
565 149 1
454 150 2
526 150 1
509 150 2
721 150 1
781 150 1
407 150 1
371 150 1
115 150 1
943 151 2
147 151 1
463 151 2
971 151 1
223 151 2
159 151 2
804 151 2
818 151 1
422 152 1
632 152 1
504 152 2
744 152 1
25 152 2
840 152 2
966 152 1
38 152 1
838 153 2
151 153 1
309 153 2
776 153 1
973 153 2
786 153 1
444 153 1
609 153 1
711 154 2
367 154 2
903 154 1
876 154 1
778 154 2
674 154 1
482 154 1
124 154 1
621 155 2
647 155 1
539 155 2
413 155 1
141 155 1
795 155 1
851 155 2
980 155 2
540 156 1
603 156 1
456 156 1
546 156 1
687 156 2
91 156 2
195 156 1
155 156 1
573 157 1
692 157 1
928 157 2
767 157 2
177 157 1
85 157 1
430 157 2
195 157 1
42 158 1
147 158 1
791 158 2
204 158 1
381 158 2
216 158 1
356 158 2
681 158 1
672 159 2
542 159 2
175 159 2
770 159 1
16 159 2
955 159 1
717 159 2
887 159 1
282 160 2
572 160 2
912 160 1
780 160 1
226 160 2
146 160 1
393 160 2
142 160 1
152 161 2
274 161 1
654 161 2
829 161 1
832 161 2
690 161 2
77 161 2
823 161 1
603 162 2
185 162 1
876 162 2
810 162 1
281 162 2
264 162 1
443 162 2
81 162 1
859 163 1
980 163 1
34 163 2
834 163 1
836 163 2
728 163 2
116 163 2
856 163 1
528 164 2
53 164 1
267 164 1
249 164 1
64 164 2
204 164 1
281 164 2
205 164 2
44 165 1
223 165 1
333 165 1
559 165 1
881 165 2
834 165 1
280 165 2
616 165 2
261 166 2
664 166 2
205 166 2
455 166 2
98 166 2
382 166 2
260 166 2
679 166 1
154 167 2
242 167 2
345 167 1
449 167 1
21 167 2
546 167 2
824 167 1
886 167 1
133 168 1
287 168 1
29 168 2
890 168 1
397 168 2
816 168 1
973 168 2
701 168 2
573 169 2
190 169 2
873 169 2
496 169 1
505 169 2
46 169 2
225 169 1
78 169 1
98 170 1
162 170 1
534 170 2
136 170 1
103 170 1
370 170 1
945 170 2
91 170 2
583 171 2
965 171 1
211 171 2
362 171 1
148 171 1
884 171 1
229 171 2
129 171 2
599 172 2
137 172 2
749 172 2
524 172 2
549 172 2
227 172 1
394 172 2
494 172 1
274 173 1
853 173 1
914 173 1
1 173 1
130 173 2
591 173 2
793 173 2
950 173 1
511 174 2
242 174 1
933 174 2
44 174 1
144 174 1
415 174 1
302 174 1
675 174 1
705 175 1
633 175 1
978 175 2
947 175 1
466 175 1
305 175 1
283 175 2
363 175 2
411 176 2
540 176 1
332 176 2
936 176 1
92 176 1
341 176 1
364 176 2
918 176 2
781 177 2
42 177 2
289 177 2
459 177 2
946 177 2
429 177 1
174 177 1
911 177 1
889 178 2
120 178 2
418 178 1
141 178 1
77 178 1
270 178 1
968 178 2
118 178 2
660 179 1
945 179 1
833 179 2
893 179 1
229 179 2
873 179 2
240 179 2
296 179 1
709 180 2
966 180 1
523 180 2
762 180 1
342 180 1
800 180 1
754 180 2
621 180 1
548 181 2
963 181 1
227 181 2
320 181 2
838 181 2
34 181 2
38 181 2
694 181 2
477 182 1
313 182 1
438 182 2
258 182 2
420 182 1
351 182 1
670 182 2
446 182 1
731 183 1
259 183 1
225 183 2
309 183 1
516 183 2
161 183 1
835 183 2
214 183 1
906 184 2
348 184 1
780 184 2
814 184 1
582 184 2
178 184 1
420 184 2
696 184 2
707 185 2
300 185 2
184 185 2
267 185 1
93 185 2
462 185 1
543 185 2
774 185 1
901 186 2
138 186 1
168 186 2
344 186 2
376 186 2
90 186 1
883 186 2
31 186 1
456 187 2
858 187 1
623 187 2
867 187 1
387 187 2
930 187 1
786 187 2
255 187 2
164 188 1
669 188 1
874 188 1
613 188 1
868 188 1
292 188 1
665 188 2
21 188 2
692 189 2
833 189 1
233 189 1
769 189 1
292 189 1
21 189 1
211 189 1
55 189 1
546 190 2
390 190 2
833 190 2
649 190 1
325 190 2
835 190 1
726 190 2
734 190 1
572 191 2
983 191 1
160 191 1
938 191 1
530 191 1
70 191 1
883 191 2
931 191 2
792 192 2
712 192 1
941 192 2
326 192 1
163 192 2
816 192 2
142 192 2
265 192 1
887 193 1
689 193 1
726 193 2
804 193 1
825 193 2
393 193 1
535 193 2
436 193 2
6 194 2
911 194 1
505 194 1
363 194 1
525 194 2
56 194 2
621 194 2
530 194 1
61 195 2
175 195 1
207 195 1
819 195 1
383 195 2
16 195 1
630 195 2
735 195 1
894 196 2
510 196 1
559 196 2
492 196 2
307 196 1
298 196 1
571 196 1
750 196 1
101 197 2
177 197 2
617 197 2
376 197 1
418 197 2
72 197 1
938 197 2
185 197 1
574 198 2
719 198 2
630 198 2
782 198 1
451 198 1
881 198 1
261 198 2
711 198 2
506 199 2
257 199 2
643 199 2
900 199 1
236 199 2
866 199 2
448 199 2
773 199 1
80 200 2
847 200 1
878 200 2
751 200 1
270 200 2
14 200 2
817 200 2
95 200 2
356 201 1
691 201 1
862 201 2
141 201 2
439 201 2
651 201 2
799 201 2
517 201 2
666 202 2
932 202 2
179 202 2
654 202 1
77 202 1
550 202 1
592 202 2
235 202 2
26 203 1
629 203 1
910 203 1
791 203 1
822 203 2
751 203 1
286 203 1
574 203 1
838 204 2
456 204 2
140 204 1
898 204 1
31 204 2
904 204 1
66 204 1
447 204 1
261 205 2
197 205 1
222 205 2
431 205 1
26 205 1
268 205 1
352 205 2
430 205 1
697 206 2
348 206 1
843 206 2
111 206 2
15 206 2
134 206 2
349 206 2
64 206 2
180 207 2
302 207 2
587 207 2
947 207 1
73 207 1
911 207 1
999 207 2
835 207 1
409 208 2
981 208 1
899 208 2
65 208 2
342 208 2
861 208 1
787 208 2
233 208 1
408 209 2
421 209 2
263 209 2
748 209 1
306 209 2
240 209 2
888 209 2
374 209 1
37 210 2
743 210 2
987 210 1
446 210 1
926 210 2
893 210 1
581 210 2
870 210 2
87 211 2
303 211 1
683 211 2
618 211 1
812 211 1
975 211 1
609 211 2
710 211 1
824 212 2
398 212 1
883 212 2
121 212 2
319 212 1
328 212 1
591 212 2
757 212 1
512 213 2
720 213 1
958 213 1
134 213 1
759 213 1
247 213 1
869 213 2
945 213 1
904 214 1
384 214 1
473 214 2
746 214 1
412 214 2
175 214 1
963 214 2
811 214 1
870 215 1
930 215 1
702 215 1
450 215 1
655 215 2
222 215 1
348 215 2
683 215 1
660 216 1
592 216 1
403 216 2
232 216 1
700 216 2
231 216 2
240 216 1
213 216 1
869 217 2
63 217 2
582 217 2
388 217 1
935 217 1
572 217 1
860 217 2
762 217 1
49 218 2
591 218 1
921 218 1
262 218 1
769 218 1
928 218 1
18 218 2
803 218 1
338 219 2
889 219 1
682 219 2
564 219 1
691 219 1
22 219 1
848 219 1
671 219 1
567 220 1
455 220 1
608 220 1
204 220 1
659 220 1
400 220 1
461 220 2
623 220 1
864 221 2
445 221 1
349 221 1
961 221 1
711 221 2
151 221 1
526 221 2
454 221 1
263 222 2
775 222 1
316 222 2
465 222 1
600 222 2
444 222 1
769 222 2
673 222 2
88 223 1
134 223 1
631 223 2
625 223 2
397 223 2
690 223 1
266 223 2
83 223 1
3 224 1
938 224 1
649 224 2
969 224 1
191 224 2
148 224 2
958 224 2
29 224 1
952 225 2
209 225 2
843 225 2
355 225 2
833 225 2
243 225 1
526 225 2
493 225 2
750 226 1
977 226 1
403 226 1
957 226 1
653 226 2
784 226 1
684 226 2
558 226 1
168 227 2
916 227 2
258 227 1
894 227 1
69 227 1
693 227 1
576 227 2
275 227 1
130 228 2
168 228 1
514 228 1
680 228 1
131 228 2
48 228 1
273 228 2
414 228 1
40 229 1
814 229 1
367 229 2
569 229 1
481 229 1
606 229 1
677 229 1
163 229 1
576 230 1
804 230 1
544 230 2
177 230 2
711 230 2
570 230 1
750 230 2
415 230 2
863 231 2
402 231 2
59 231 2
800 231 1
759 231 2
251 231 2
484 231 2
857 231 1
975 232 2
589 232 1
923 232 2
635 232 1
491 232 1
83 232 1
69 232 1
73 232 1
154 233 1
456 233 1
140 233 1
673 233 1
481 233 2
645 233 2
754 233 2
783 233 1
885 234 2
436 234 1
4 234 2
485 234 2
545 234 2
407 234 1
715 234 2
592 234 2
322 235 2
254 235 2
177 235 2
356 235 2
251 235 2
616 235 2
797 235 2
831 235 2
947 236 2
251 236 2
610 236 1
192 236 1
504 236 1
72 236 1
542 236 2
823 236 1
813 237 1
78 237 1
809 237 2
895 237 1
863 237 1
362 237 1
608 237 1
330 237 1
739 238 2
334 238 1
534 238 2
487 238 2
326 238 2
174 238 1
715 238 2
693 238 1
757 239 2
519 239 1
1 239 2
387 239 1
297 239 1
99 239 1
98 239 1
575 239 1
750 240 2
314 240 1
566 240 2
594 240 1
176 240 2
892 240 1
804 240 2
204 240 1
629 241 1
547 241 1
837 241 2
546 241 1
934 241 2
708 241 2
750 241 1
779 241 1
176 242 2
701 242 2
832 242 2
208 242 2
296 242 2
75 242 1
32 242 2
236 242 1
914 243 1
975 243 1
435 243 2
431 243 1
350 243 2
2 243 1
954 243 1
388 243 1
336 244 2
135 244 2
703 244 1
212 244 1
75 244 2
624 244 2
954 244 2
579 244 1
148 245 2
180 245 2
465 245 2
399 245 1
666 245 1
66 245 1
395 245 2
687 245 1
38 246 2
212 246 1
126 246 1
613 246 1
827 246 2
467 246 1
424 246 2
588 246 1
152 247 2
847 247 1
214 247 1
339 247 1
27 247 1
885 247 1
534 247 1
811 247 1
923 248 1
384 248 1
712 248 2
28 248 2
293 248 2
411 248 1
250 248 1
895 248 1
668 249 2
51 249 1
177 249 1
196 249 1
954 249 2
164 249 2
815 249 2
673 249 1
396 250 2
533 250 2
915 250 1
498 250 1
787 250 1
502 250 1
919 250 2
678 250 1
389 251 2
195 251 1
698 251 2
774 251 2
422 251 2
993 251 1
104 251 2
629 251 1
392 252 2
267 252 1
129 252 2
312 252 1
136 252 2
566 252 1
551 252 1
926 252 1
332 253 2
621 253 2
191 253 2
477 253 1
17 253 2
72 253 1
725 253 2
710 253 2
848 254 2
778 254 2
179 254 2
536 254 1
579 254 1
463 254 1
741 254 2
29 254 1
667 255 1
826 255 1
930 255 2
277 255 1
705 255 2
468 255 1
467 255 2
312 255 1
65 256 1
773 256 1
74 256 2
461 256 1
726 256 2
877 256 1
966 256 2
383 256 1
581 257 2
885 257 2
380 257 1
218 257 1
558 257 2
377 257 1
193 257 2
125 257 1
877 258 2
647 258 2
405 258 2
696 258 1
503 258 2
621 258 2
717 258 2
839 258 1
979 259 2
197 259 1
557 259 2
727 259 1
503 259 1
293 259 1
815 259 2
735 259 1
159 260 2
639 260 2
279 260 2
149 260 1
580 260 2
213 260 1
485 260 2
373 260 1
213 261 2
191 261 1
830 261 2
971 261 1
337 261 2
983 261 2
144 261 2
63 261 2
990 262 2
289 262 2
746 262 2
926 262 1
464 262 1
408 262 1
142 262 2
625 262 1
626 263 1
65 263 1
904 263 2
660 263 1
262 263 2
680 263 1
993 263 2
977 263 1
574 264 2
570 264 2
778 264 2
708 264 1
415 264 2
882 264 2
329 264 2
694 264 1
8 265 2
477 265 1
370 265 2
760 265 2
112 265 2
341 265 1
743 265 2
141 265 1
158 266 2
573 266 1
394 266 1
575 266 1
598 266 1
942 266 1
152 266 2
580 266 2
526 267 2
248 267 2
181 267 1
405 267 1
533 267 2
433 267 2
581 267 2
627 267 2
890 268 2
859 268 1
351 268 2
758 268 1
337 268 2
349 268 2
686 268 1
412 268 1
522 269 2
168 269 2
926 269 2
917 269 2
149 269 2
15 269 1
835 269 2
778 269 1
846 270 2
768 270 2
60 270 2
603 270 1
95 270 2
375 270 1
812 270 1
141 270 1
898 271 2
869 271 2
856 271 2
685 271 1
350 271 2
823 271 2
994 271 1
354 271 1
471 272 2
467 272 1
44 272 2
3 272 2
214 272 1
741 272 1
201 272 2
592 272 1
672 273 2
126 273 1
943 273 2
46 273 1
767 273 2
735 273 2
480 273 2
290 273 2
195 274 2
132 274 1
625 274 2
231 274 1
679 274 2
587 274 2
986 274 1
21 274 1
202 275 2
821 275 1
575 275 2
869 275 1
660 275 1
31 275 1
814 275 1
380 275 1
430 276 2
158 276 2
390 276 2
857 276 2
608 276 1
30 276 1
496 276 2
522 276 1
250 277 1
220 277 1
56 277 2
725 277 1
458 277 2
490 277 1
430 277 2
544 277 1
467 278 2
481 278 2
248 278 2
542 278 1
721 278 2
512 278 2
62 278 2
499 278 1
356 279 1
887 279 1
54 279 1
894 279 1
986 279 2
409 279 1
122 279 1
778 279 1
712 280 2
209 280 1
565 280 2
853 280 1
165 280 2
149 280 2
822 280 2
458 280 1
362 281 1
888 281 1
172 281 2
247 281 2
346 281 2
799 281 1
101 281 2
450 281 1
802 282 2
785 282 1
141 282 1
767 282 1
837 282 2
348 282 2
392 282 2
388 282 1
141 283 2
248 283 2
936 283 2
590 283 2
90 283 2
261 283 2
547 283 2
386 283 1
448 284 2
690 284 2
952 284 2
167 284 1
45 284 2
903 284 1
74 284 2
203 284 2
728 285 2
917 285 1
169 285 2
73 285 1
451 285 1
98 285 1
761 285 2
859 285 2
567 286 2
973 286 1
592 286 2
748 286 2
426 286 2
227 286 1
599 286 2
499 286 1
885 287 2
715 287 1
115 287 1
805 287 1
603 287 1
450 287 1
549 287 2
329 287 2
747 288 1
786 288 1
930 288 2
780 288 1
216 288 2
817 288 1
646 288 2
404 288 2
692 289 2
381 289 2
223 289 2
912 289 1
567 289 2
413 289 1
853 289 2
322 289 2
250 290 1
537 290 1
85 290 2
298 290 1
497 290 1
478 290 1
229 290 2
516 290 1
379 291 2
869 291 1
177 291 2
956 291 2
240 291 2
940 291 1
914 291 2
83 291 2
81 292 2
402 292 1
566 292 2
489 292 2
317 292 1
919 292 1
988 292 2
173 292 1
346 293 2
77 293 2
698 293 2
497 293 2
137 293 2
608 293 1
65 293 1
409 293 1
908 294 1
527 294 1
540 294 1
115 294 1
33 294 2
514 294 1
753 294 2
673 294 1
561 295 1
790 295 1
869 295 2
330 295 1
885 295 1
775 295 1
953 295 1
833 295 1
579 296 2
704 296 2
193 296 2
317 296 1
411 296 2
682 296 1
161 296 2
146 296 2
324 297 2
437 297 1
551 297 2
395 297 1
356 297 1
928 297 1
915 297 2
330 297 2
302 298 2
484 298 1
932 298 1
534 298 1
375 298 2
466 298 1
171 298 2
748 298 2
930 299 2
868 299 2
248 299 2
387 299 1
17 299 2
63 299 1
251 299 1
487 299 1
997 300 2
776 300 2
781 300 2
317 300 1
330 300 2
756 300 1
118 300 1
455 300 1
186 301 2
615 301 1
8 301 2
433 301 1
429 301 2
516 301 1
43 301 2
713 301 1
240 302 2
744 302 1
587 302 1
633 302 1
707 302 2
678 302 2
315 302 2
540 302 1
162 303 2
690 303 1
334 303 2
813 303 1
903 303 2
756 303 2
614 303 2
831 303 2
655 304 2
72 304 1
34 304 2
113 304 1
450 304 2
993 304 1
513 304 2
79 304 1
306 305 2
692 305 2
160 305 2
966 305 1
369 305 2
422 305 1
176 305 1
498 305 1
648 306 2
13 306 1
331 306 2
452 306 1
288 306 1
739 306 1
985 306 1
866 306 1
496 307 2
10 307 1
545 307 2
801 307 1
158 307 1
963 307 1
905 307 2
564 307 1
281 308 2
608 308 1
411 308 2
551 308 1
249 308 2
331 308 1
611 308 2
256 308 1
121 309 2
415 309 2
26 309 2
40 309 2
249 309 2
875 309 1
328 309 2
950 309 2
167 310 1
136 310 1
677 310 2
662 310 1
348 310 2
276 310 2
946 310 2
297 310 2
392 311 2
691 311 1
849 311 2
433 311 2
661 311 2
876 311 1
653 311 1
118 311 1
184 312 2
994 312 2
227 312 2
480 312 2
791 312 2
675 312 1
292 312 2
45 312 1
147 313 2
126 313 1
621 313 2
435 313 1
56 313 2
460 313 2
185 313 2
143 313 1
385 314 2
592 314 2
600 314 2
139 314 2
887 314 2
394 314 2
91 314 2
862 314 2
50 315 2
156 315 1
269 315 2
828 315 2
788 315 2
15 315 2
87 315 2
468 315 1
969 316 2
729 316 1
186 316 2
452 316 1
913 316 1
853 316 1
773 316 2
756 316 1
342 317 1
15 317 1
36 317 2
799 317 1
632 317 2
890 317 2
481 317 2
759 317 1
994 318 2
972 318 1
785 318 2
632 318 1
558 318 1
104 318 1
837 318 1
933 318 1
366 319 2
853 319 1
961 319 2
378 319 1
701 319 2
786 319 1
784 319 2
402 319 1
336 320 2
165 320 2
740 320 1
341 320 1
408 320 2
217 320 1
262 320 2
306 320 1
897 321 2
972 321 1
730 321 2
335 321 1
636 321 2
659 321 2
341 321 2
485 321 2
339 322 2
224 322 2
881 322 2
829 322 2
860 322 1
949 322 1
0 322 2
659 322 2
16 323 2
289 323 1
217 323 2
728 323 1
815 323 2
608 323 1
952 323 2
891 323 2
844 324 1
936 324 1
737 324 1
314 324 1
999 324 2
324 324 1
6 324 2
640 324 1
999 325 2
225 325 1
26 325 1
483 325 1
349 325 2
993 325 1
579 325 2
504 325 1
866 326 2
845 326 1
673 326 2
797 326 2
754 326 2
587 326 2
87 326 2
914 326 1
358 327 2
848 327 1
839 327 2
170 327 2
241 327 2
728 327 1
253 327 2
224 327 1
188 328 1
729 328 1
870 328 2
653 328 2
856 328 2
918 328 1
813 328 2
172 328 1
629 329 2
691 329 2
602 329 2
610 329 1
468 329 2
601 329 1
311 329 2
449 329 2
180 330 1
471 330 1
870 330 2
907 330 2
243 330 2
657 330 1
943 330 2
86 330 2
266 331 2
514 331 1
788 331 2
840 331 2
932 331 2
173 331 1
582 331 2
289 331 1
773 332 1
995 332 1
428 332 2
530 332 1
223 332 2
720 332 2
244 332 2
623 332 1
239 333 2
751 333 1
119 333 2
150 333 1
248 333 2
792 333 2
907 333 2
400 333 2
865 334 2
434 334 2
806 334 1
454 334 1
472 334 2
225 334 1
483 334 2
781 334 2
7 335 2
26 335 1
516 335 1
978 335 1
235 335 2
867 335 2
264 335 2
554 335 1
433 336 2
887 336 1
256 336 2
922 336 1
293 336 1
778 336 1
42 336 2
625 336 2
873 337 2
934 337 2
790 337 2
303 337 1
287 337 2
422 337 1
621 337 2
863 337 2
533 338 2
999 338 1
235 338 1
382 338 1
705 338 2
118 338 2
719 338 1
213 338 1
417 339 2
115 339 1
657 339 2
793 339 1
14 339 2
737 339 1
835 339 2
977 339 1
829 340 1
674 340 1
9 340 2
257 340 2
850 340 2
380 340 2
205 340 1
441 340 1
355 341 2
371 341 2
185 341 2
320 341 1
182 341 1
439 341 1
580 341 2
675 341 1
978 342 2
465 342 1
625 342 2
442 342 1
451 342 2
936 342 2
182 342 2
655 342 1
359 343 2
610 343 1
603 343 1
961 343 1
431 343 2
943 343 1
445 343 2
414 343 1
337 344 2
376 344 2
690 344 2
204 344 1
625 344 2
266 344 1
332 344 2
110 344 1
815 345 2
466 345 2
648 345 2
685 345 1
899 345 1
522 345 1
268 345 2
509 345 2
948 346 1
295 346 1
72 346 2
45 346 2
652 346 2
995 346 1
193 346 2
142 346 2
246 347 2
247 347 2
911 347 2
914 347 1
739 347 2
581 347 1
60 347 2
568 347 1
80 348 2
266 348 2
326 348 2
569 348 1
161 348 2
207 348 2
91 348 2
219 348 1
704 349 2
150 349 2
697 349 1
18 349 1
793 349 1
232 349 1
113 349 2
607 349 1
848 350 1
803 350 1
256 350 2
895 350 2
106 350 1
734 350 1
668 350 2
158 350 1
339 351 1
463 351 1
975 351 2
49 351 2
535 351 2
218 351 1
863 351 1
236 351 1
183 352 2
952 352 1
929 352 2
261 352 1
328 352 1
448 352 1
696 352 2
971 352 1
724 353 1
834 353 1
743 353 1
412 353 1
915 353 1
352 353 1
386 353 2
351 353 1
592 354 1
951 354 1
800 354 2
219 354 1
405 354 2
776 354 1
39 354 2
461 354 1
786 355 1
166 355 1
205 355 2
503 355 1
165 355 2
689 355 1
370 355 1
355 355 1
249 356 2
858 356 1
385 356 1
819 356 1
174 356 2
372 356 1
275 356 2
76 356 1
564 357 2
850 357 1
321 357 2
109 357 1
187 357 2
889 357 1
942 357 1
824 357 1
254 358 2
782 358 1
89 358 2
592 358 1
71 358 2
491 358 2
332 358 1
883 358 1
664 359 1
818 359 1
232 359 1
117 359 1
799 359 2
359 359 1
16 359 2
940 359 2
840 360 2
744 360 1
140 360 2
540 360 1
786 360 2
641 360 1
809 360 2
967 360 1
397 361 2
721 361 1
294 361 2
124 361 1
10 361 1
253 361 1
989 361 2
398 361 1
98 362 2
311 362 2
149 362 2
363 362 2
885 362 2
133 362 2
366 362 2
268 362 2
989 363 1
118 363 1
527 363 2
555 363 1
103 363 2
158 363 1
483 363 2
359 363 1
668 364 2
652 364 1
992 364 2
754 364 1
103 364 2
537 364 2
900 364 2
681 364 2
263 365 2
184 365 1
896 365 2
195 365 1
711 365 1
679 365 1
224 365 2
779 365 1
963 366 1
51 366 1
79 366 2
290 366 1
791 366 2
609 366 2
886 366 2
967 366 1
132 367 2
110 367 1
835 367 2
322 367 1
491 367 1
744 367 1
716 367 2
822 367 2
175 368 2
268 368 2
475 368 2
602 368 2
188 368 1
952 368 1
965 368 2
792 368 1
622 369 2
696 369 1
518 369 1
876 369 1
753 369 2
153 369 1
724 369 2
140 369 1
177 370 2
894 370 2
682 370 1
589 370 1
431 370 2
719 370 2
988 370 1
880 370 1
745 371 2
885 371 1
235 371 1
798 371 1
492 371 2
264 371 1
562 371 1
802 371 1
798 372 2
75 372 1
3 372 2
967 372 1
128 372 2
365 372 1
683 372 2
237 372 1
374 373 2
647 373 2
397 373 2
533 373 1
180 373 2
164 373 1
818 373 1
131 373 1
521 374 1
913 374 1
352 374 1
463 374 1
971 374 1
287 374 1
865 374 2
932 374 1
766 375 1
392 375 1
333 375 2
855 375 1
676 375 2
641 375 1
576 375 1
8 375 1
509 376 2
108 376 2
204 376 2
505 376 2
651 376 2
396 376 1
173 376 1
364 376 1
392 377 2
603 377 1
663 377 1
940 377 1
867 377 2
814 377 2
557 377 1
511 377 1
309 378 1
11 378 1
522 378 2
886 378 2
174 378 2
208 378 1
233 378 1
824 378 1
727 379 2
686 379 1
508 379 2
408 379 2
290 379 2
850 379 1
914 379 2
731 379 1
145 380 2
366 380 1
878 380 2
718 380 2
455 380 2
599 380 1
84 380 2
956 380 2
884 381 2
490 381 2
127 381 2
681 381 1
224 381 2
689 381 1
335 381 2
304 381 2
733 382 2
622 382 1
976 382 1
138 382 1
593 382 2
905 382 2
704 382 2
987 382 2
810 383 2
468 383 1
880 383 2
958 383 1
354 383 2
773 383 2
91 383 1
893 383 1
362 384 1
522 384 1
744 384 2
549 384 1
471 384 2
505 384 2
784 384 1
199 384 1
984 385 2
802 385 1
395 385 2
585 385 1
218 385 2
307 385 1
506 385 2
725 385 1
828 386 2
685 386 1
920 386 2
769 386 2
289 386 2
747 386 2
711 386 2
460 386 1
248 387 2
319 387 2
204 387 1
438 387 1
289 387 2
379 387 1
594 387 2
268 387 1
601 388 1
703 388 1
517 388 1
10 388 1
625 388 1
216 388 1
470 388 2
541 388 2
375 389 2
495 389 1
287 389 2
428 389 2
22 389 1
291 389 1
986 389 2
213 389 2
16 390 2
481 390 2
341 390 2
161 390 1
515 390 2
717 390 1
154 390 1
710 390 1
767 391 2
927 391 1
300 391 1
334 391 1
397 391 2
736 391 1
23 391 2
230 391 1
397 392 2
539 392 1
292 392 2
832 392 1
853 392 2
360 392 2
605 392 2
106 392 1
857 393 2
612 393 1
550 393 2
327 393 1
793 393 1
403 393 1
110 393 1
207 393 1
774 394 2
698 394 2
603 394 2
656 394 2
772 394 2
116 394 2
23 394 2
704 394 1
355 395 2
79 395 1
37 395 1
928 395 1
903 395 2
723 395 1
772 395 2
281 395 1
873 396 2
118 396 1
649 396 2
125 396 1
288 396 2
80 396 2
811 396 2
956 396 1
670 397 2
944 397 1
581 397 2
603 397 1
536 397 2
3 397 1
590 397 1
966 397 1
807 398 2
689 398 1
546 398 1
421 398 1
366 398 1
957 398 1
399 398 1
711 398 1
738 399 2
643 399 1
823 399 1
767 399 1
365 399 2
811 399 1
111 399 1
354 399 1
865 400 1
15 400 1
350 400 1
657 400 1
532 400 2
434 400 1
319 400 1
19 400 1
383 401 2
2 401 1
985 401 1
196 401 1
386 401 2
948 401 2
924 401 2
191 401 1
585 402 2
10 402 1
161 402 2
1 402 2
22 402 2
26 402 1
939 402 2
589 402 1
505 403 1
818 403 1
210 403 2
720 403 1
278 403 2
960 403 1
500 403 1
361 403 1
91 404 2
748 404 2
742 404 1
63 404 1
910 404 1
736 404 1
766 404 2
495 404 1
609 405 2
635 405 1
625 405 2
98 405 1
0 405 2
482 405 1
883 405 2
322 405 1
796 406 1
837 406 1
554 406 2
280 406 1
704 406 2
643 406 1
594 406 2
340 406 2
345 407 1
326 407 1
980 407 1
692 407 1
550 407 2
37 407 1
336 407 2
197 407 1
697 408 2
856 408 2
839 408 2
717 408 2
26 408 2
472 408 2
341 408 1
578 408 1
313 409 2
302 409 2
508 409 2
78 409 2
671 409 2
999 409 2
969 409 2
301 409 1
585 410 2
229 410 1
533 410 2
129 410 2
434 410 2
258 410 1
278 410 2
883 410 2
84 411 2
522 411 1
443 411 2
919 411 1
531 411 1
721 411 1
529 411 2
425 411 1
664 412 2
18 412 1
547 412 1
9 412 1
913 412 2
845 412 2
465 412 2
374 412 1
687 413 1
584 413 1
307 413 2
454 413 1
751 413 1
594 413 1
80 413 2
520 413 1
968 414 1
137 414 1
813 414 2
853 414 1
127 414 1
63 414 1
763 414 2
79 414 1
191 415 2
114 415 2
974 415 1
447 415 1
672 415 2
166 415 1
403 415 2
528 415 1
562 416 2
822 416 2
950 416 2
327 416 2
404 416 1
356 416 1
997 416 1
833 416 1
170 417 2
786 417 1
818 417 2
704 417 2
937 417 1
451 417 1
391 417 1
682 417 1
686 418 2
126 418 1
499 418 2
943 418 1
519 418 2
308 418 1
298 418 2
330 418 2
16 419 2
871 419 1
291 419 1
344 419 1
896 419 2
529 419 2
455 419 1
429 419 1
999 420 1
90 420 1
760 420 1
904 420 1
984 420 2
883 420 1
874 420 2
532 420 1
214 421 2
279 421 1
55 421 1
766 421 1
164 421 2
161 421 1
96 421 2
387 421 2
55 422 2
75 422 1
168 422 2
658 422 2
391 422 2
154 422 1
282 422 2
405 422 2
729 423 1
58 423 1
871 423 2
874 423 1
709 423 2
480 423 1
175 423 2
723 423 1
385 424 1
419 424 1
952 424 2
72 424 1
400 424 2
300 424 2
681 424 2
996 424 2
182 425 1
951 425 1
544 425 1
483 425 1
106 425 1
665 425 1
862 425 2
729 425 1
852 426 1
39 426 1
885 426 2
671 426 1
470 426 2
314 426 2
921 426 2
882 426 2
957 427 1
109 427 1
298 427 1
260 427 1
120 427 2
580 427 1
231 427 2
794 427 2
707 428 2
638 428 1
344 428 1
65 428 1
9 428 2
445 428 2
487 428 2
595 428 1
917 429 1
927 429 1
322 429 1
777 429 1
993 429 2
650 429 2
989 429 1
981 429 1
114 430 2
554 430 1
743 430 2
844 430 1
528 430 2
922 430 1
379 430 2
747 430 1
900 431 1
794 431 1
686 431 1
98 431 1
4 431 2
233 431 1
592 431 2
899 431 2
22 432 1
597 432 1
410 432 2
46 432 2
851 432 2
875 432 2
741 432 2
776 432 1
550 433 2
521 433 1
133 433 2
692 433 1
291 433 2
79 433 2
312 433 2
285 433 2
483 434 2
768 434 2
641 434 2
430 434 1
334 434 1
605 434 1
392 434 1
94 434 1
688 435 1
634 435 1
175 435 1
629 435 1
608 435 2
934 435 1
477 435 2
27 435 2
991 436 2
136 436 2
454 436 1
836 436 1
764 436 1
300 436 1
817 436 1
482 436 1
306 437 1
389 437 1
818 437 2
58 437 1
949 437 2
123 437 1
453 437 2
460 437 1
211 438 1
98 438 1
549 438 1
812 438 1
145 438 2
654 438 1
164 438 2
553 438 2
452 439 2
940 439 1
977 439 2
804 439 1
675 439 1
526 439 1
846 439 2
822 439 1
693 440 1
868 440 1
810 440 1
93 440 1
874 440 2
182 440 1
315 440 2
454 440 1
879 441 2
931 441 2
252 441 2
802 441 2
53 441 1
28 441 1
553 441 1
889 441 1
610 442 2
719 442 2
207 442 1
578 442 1
9 442 1
198 442 1
12 442 2
884 442 1
667 443 2
804 443 1
415 443 1
6 443 1
586 443 2
75 443 2
508 443 2
968 443 1
612 444 2
193 444 2
656 444 2
936 444 1
401 444 2
346 444 1
139 444 1
272 444 1
50 445 2
131 445 1
811 445 2
151 445 1
812 445 2
266 445 1
464 445 1
414 445 1
402 446 2
857 446 1
292 446 2
409 446 2
82 446 4
551 446 2
238 446 2
757 447 2
155 447 1
511 447 2
412 447 1
140 447 1
818 447 1
759 447 2
679 447 1
260 448 2
134 448 2
192 448 2
55 448 1
18 448 1
160 448 1
525 448 2
450 448 1
198 449 1
647 449 1
590 449 2
77 449 1
504 449 2
263 449 2
988 449 2
965 449 1
961 450 2
382 450 1
42 450 2
194 450 1
28 450 2
901 450 2
113 450 2
454 450 1
955 451 2
244 451 2
102 451 1
855 451 1
25 451 2
755 451 2
735 451 2
523 451 1
846 452 2
933 452 2
84 452 2
603 452 1
200 452 2
725 452 2
165 452 2
744 452 1
293 453 2
50 453 2
743 453 2
809 453 1
700 453 2
629 453 2
69 453 2
822 453 1
482 454 2
210 454 1
203 454 2
679 454 1
545 454 1
580 454 1
936 454 1
721 454 1
770 455 2
416 455 1
853 455 2
897 455 2
961 455 2
229 455 1
298 455 2
363 455 1
71 456 2
562 456 1
697 456 2
844 456 1
966 456 1
870 456 1
319 456 2
461 456 1
993 457 2
966 457 2
441 457 2
494 457 1
6 457 2
823 457 2
708 457 2
601 457 2
307 458 2
42 458 1
910 458 2
909 458 2
749 458 2
912 458 1
86 458 1
846 458 1
291 459 1
671 459 1
125 459 2
316 459 2
905 459 2
917 459 1
972 459 2
403 459 1
962 460 2
271 460 1
246 460 2
438 460 1
358 460 2
865 460 2
543 460 1
508 460 1
989 461 2
621 461 2
812 461 1
931 461 1
353 461 2
715 461 2
841 461 1
123 461 1
547 462 1
451 462 1
837 462 2
519 462 2
844 462 2
777 462 1
183 462 2
490 462 1
127 463 2
502 463 2
907 463 2
867 463 2
852 463 1
344 463 1
768 463 1
704 463 1
743 464 2
308 464 1
806 464 1
640 464 1
612 464 2
858 464 1
471 464 1
470 464 1
502 465 2
396 465 2
301 465 2
713 465 1
757 465 1
448 465 1
779 465 2
649 465 2
967 466 2
231 466 2
167 466 2
503 466 1
564 466 2
547 466 1
384 466 2
181 466 1
422 467 2
953 467 1
371 467 2
0 467 1
845 467 1
447 467 1
194 467 2
405 467 1
990 468 2
983 468 1
615 468 1
634 468 1
138 468 2
901 468 2
23 468 2
419 468 1
887 469 2
626 469 1
698 469 2
308 469 2
579 469 2
525 469 2
30 469 1
564 469 1
838 470 2
559 470 1
829 470 2
793 470 2
541 470 2
315 470 1
338 470 1
293 470 1
910 471 2
238 471 1
710 471 1
567 471 1
280 471 1
208 471 1
940 471 2
57 471 2
382 472 2
795 472 1
966 472 2
632 472 1
919 472 2
918 472 1
990 472 2
566 472 1
809 473 1
25 473 1
599 473 2
756 473 2
955 473 2
823 473 1
79 473 2
601 473 1
171 474 2
109 474 1
760 474 2
412 474 2
703 474 2
737 474 1
96 474 1
459 474 1
8 475 2
986 475 1
523 475 1
574 475 1
140 475 2
436 475 1
151 475 2
29 475 1
161 476 2
916 476 1
580 476 1
28 476 1
141 476 2
248 476 1
161 476 1
166 476 1
416 477 2
278 477 2
99 477 2
764 477 2
124 477 2
532 477 1
196 477 2
774 477 2
394 478 2
379 478 2
627 478 2
547 478 1
808 478 2
536 478 1
447 478 2
916 478 1
435 479 1
434 479 1
782 479 2
335 479 1
280 479 1
743 479 1
554 479 1
383 479 1
907 480 1
899 480 1
600 480 1
403 480 1
647 480 2
490 480 1
231 480 1
343 480 1
119 481 2
871 481 2
317 481 2
75 481 1
297 481 2
292 481 2
562 481 2
407 481 1
619 482 2
66 482 2
515 482 2
389 482 1
215 482 2
45 482 2
118 482 1
507 482 1
146 483 2
423 483 1
226 483 2
816 483 1
531 483 2
633 483 1
969 483 1
433 483 1
154 484 1
287 484 1
818 484 2
73 484 1
713 484 2
726 484 2
25 484 2
598 484 2
707 485 2
927 485 1
948 485 2
420 485 1
573 485 2
487 485 1
505 485 2
889 485 2
81 486 2
370 486 1
846 486 1
8 486 1
799 486 2
705 486 2
497 486 2
485 486 2
472 487 1
467 487 1
209 487 1
443 487 1
691 487 1
188 487 1
857 487 2
165 487 2
495 488 2
645 488 1
577 488 2
7 488 1
746 488 1
511 488 1
634 488 2
244 488 1
558 489 2
389 489 1
72 489 2
701 489 2
69 489 2
457 489 1
684 489 2
474 489 1
364 490 2
345 490 1
717 490 1
755 490 1
483 490 2
481 490 2
90 490 1
710 490 1
143 491 2
116 491 2
74 491 2
521 491 2
206 491 2
194 491 1
590 491 2
651 491 1
967 492 1
22 492 1
60 492 2
858 492 1
239 492 2
36 492 2
781 492 2
100 492 1
848 493 1
424 493 1
865 493 2
768 493 2
531 493 1
130 493 1
497 493 2
390 493 1
937 494 2
120 494 1
24 494 1
609 494 1
34 494 2
422 494 2
581 494 2
216 494 2
690 495 2
736 495 1
57 495 2
827 495 1
187 495 2
950 495 1
945 495 2
427 495 1
732 496 2
231 496 1
235 496 2
750 496 2
913 496 1
191 496 1
925 496 2
953 496 2
863 497 1
841 497 1
36 497 2
608 497 1
576 497 2
886 497 1
519 497 2
918 497 2
378 498 2
443 498 1
513 498 2
175 498 1
225 498 2
831 498 1
453 498 2
765 498 2
198 499 2
243 499 1
86 499 2
645 499 1
754 499 2
379 499 1
808 499 2
878 499 2
803 500 2
315 500 2
570 500 2
118 500 1
849 500 1
308 500 1
983 500 2
598 500 1
478 501 2
403 501 1
643 501 2
125 501 1
442 501 2
384 501 2
85 501 2
120 501 1
652 502 2
649 502 1
643 502 2
852 502 1
103 502 2
258 502 1
184 502 2
530 502 2
176 503 2
292 503 1
383 503 2
998 503 1
846 503 2
688 503 1
852 503 2
423 503 2
824 504 1
37 504 1
924 504 2
68 504 1
258 504 1
154 504 1
62 504 2
41 504 1
607 505 2
417 505 1
496 505 2
932 505 1
915 505 2
723 505 1
102 505 1
206 505 1
477 506 2
617 506 2
313 506 2
786 506 1
284 506 2
255 506 1
810 506 2
53 506 1
181 507 2
362 507 1
897 507 2
134 507 2
205 507 1
765 507 1
895 507 2
567 507 1
277 508 1
116 508 1
288 508 2
595 508 1
762 508 1
471 508 1
604 508 1
543 508 1
48 509 2
388 509 2
603 509 2
568 509 1
245 509 2
448 509 1
348 509 2
723 509 1
567 510 1
966 510 1
575 510 1
277 510 1
920 510 2
742 510 2
787 510 1
678 510 1
535 511 1
532 511 1
636 511 2
616 511 1
6 511 2
728 511 2
252 511 1
428 511 1
262 512 2
772 512 1
374 512 2
410 512 2
488 512 2
265 512 2
23 512 2
60 512 1
535 513 2
249 513 1
709 513 2
41 513 1
835 513 1
985 513 1
542 513 1
293 513 1
861 514 1
144 514 1
78 514 1
312 514 1
318 514 2
351 514 1
598 514 2
786 514 2
780 515 2
769 515 1
979 515 2
50 515 2
89 515 2
30 515 1
129 515 1
716 515 1
277 516 2
572 516 2
339 516 1
434 516 1
493 516 2
289 516 1
173 516 2
758 516 2
723 517 1
774 517 1
726 517 2
362 517 2
69 517 2
831 517 1
897 517 2
609 517 2
34 518 2
466 518 1
127 518 2
104 518 1
91 518 1
658 518 1
256 518 2
739 518 2
721 519 2
728 519 1
633 519 2
552 519 1
982 519 2
551 519 1
40 519 1
579 519 1
300 520 2
12 520 1
211 520 2
704 520 2
317 520 2
279 520 2
388 520 2
239 520 1
356 521 1
558 521 1
387 521 2
6 521 1
743 521 2
55 521 2
103 521 2
846 521 1
450 522 2
685 522 1
18 522 2
40 522 1
427 522 2
834 522 1
587 522 2
193 522 1
887 523 2
536 523 2
299 523 1
36 523 1
578 523 2
449 523 1
195 523 2
862 523 2
682 524 2
737 524 2
532 524 1
237 524 1
504 524 1
598 524 1
389 524 2
468 524 2
30 525 2
794 525 2
870 525 2
15 525 1
104 525 1
317 525 1
648 525 2
466 525 1
693 526 1
169 526 1
455 526 2
316 526 1
847 526 2
93 526 1
3 526 2
22 526 2
162 527 2
309 527 1
987 527 2
357 527 2
65 527 2
948 527 1
350 527 2
483 527 2
148 528 2
549 528 1
219 528 1
999 528 1
724 528 2
35 528 1
505 528 2
950 528 1
268 529 1
320 529 1
544 529 2
349 529 2
293 529 1
552 529 1
586 529 2
486 529 2
800 530 1
873 530 1
282 530 2
256 530 2
238 530 2
772 530 1
133 530 1
277 530 1
618 531 2
658 531 1
133 531 2
164 531 2
161 531 2
817 531 1
182 531 2
670 531 1
430 532 2
170 532 1
152 532 2
217 532 1
741 532 2
351 532 1
116 532 2
234 532 1
658 533 2
798 533 1
634 533 2
802 533 2
553 533 1
981 533 1
310 533 2
66 533 1
509 534 2
780 534 2
694 534 2
990 534 1
236 534 2
706 534 1
698 534 2
25 534 1
476 535 2
27 535 1
911 535 1
633 535 1
160 535 2
827 535 2
935 535 2
553 535 1
837 536 2
948 536 1
645 536 2
744 536 1
838 536 2
649 536 2
113 536 2
606 536 1
653 537 2
186 537 1
172 537 2
193 537 1
891 537 2
841 537 1
803 537 1
12 537 1
256 538 2
873 538 1
956 538 2
412 538 1
343 538 2
596 538 2
987 538 2
535 538 1
253 539 2
257 539 1
29 539 1
938 539 1
626 539 2
970 539 2
459 539 1
335 539 1
59 540 1
169 540 1
235 540 2
334 540 1
449 540 2
218 540 1
627 540 2
641 540 1
733 541 1
562 541 1
621 541 2
95 541 1
853 541 2
952 541 2
802 541 2
780 541 2
240 542 1
781 542 1
876 542 2
667 542 1
183 542 2
313 542 1
622 542 2
55 542 1
221 543 2
851 543 1
850 543 1
52 543 1
370 543 2
344 543 1
70 543 2
358 543 1
433 544 1
920 544 1
571 544 2
260 544 1
982 544 2
878 544 2
65 544 2
394 544 2
639 545 2
852 545 2
626 545 2
832 545 1
134 545 1
68 545 1
191 545 2
601 545 1
143 546 2
802 546 1
716 546 2
889 546 1
688 546 1
168 546 1
987 546 2
239 546 2
886 547 2
854 547 2
665 547 2
138 547 1
979 547 2
394 547 2
542 547 2
71 547 1
980 548 2
132 548 1
936 548 2
477 548 2
163 548 2
282 548 1
346 548 2
962 548 2
565 549 2
206 549 2
999 549 2
286 549 1
678 549 2
602 549 2
107 549 1
474 549 1
294 550 1
935 550 1
179 550 2
130 550 1
138 550 2
484 550 2
744 550 2
868 550 2
416 551 2
458 551 1
822 551 2
465 551 2
323 551 2
407 551 1
887 551 2
884 551 1
227 552 2
105 552 1
558 552 2
719 552 1
27 552 1
30 552 1
773 552 1
290 552 1
576 553 2
558 553 2
467 553 2
908 553 2
581 553 2
855 553 2
139 553 1
408 553 1
173 554 2
618 554 2
29 554 2
68 554 1
53 554 2
887 554 1
735 554 2
31 554 1
809 555 2
582 555 1
322 555 2
742 555 2
962 555 2
760 555 2
613 555 2
812 555 1
739 556 1
27 556 1
869 556 1
485 556 1
451 556 2
384 556 2
826 556 2
887 556 1
674 557 1
696 557 1
301 557 2
889 557 2
153 557 2
810 557 2
798 557 2
338 557 1
562 558 2
532 558 1
572 558 2
565 558 1
625 558 1
615 558 1
859 558 2
398 558 2
161 559 2
995 559 1
743 559 2
13 559 1
708 559 1
106 559 1
919 559 2
760 559 1
933 560 1
468 560 1
57 560 2
319 560 1
209 560 2
519 560 1
604 560 2
27 560 1
992 561 2
118 561 1
807 561 2
829 561 2
115 561 2
347 561 1
978 561 2
669 561 2
532 562 1
368 562 1
489 562 1
750 562 1
295 562 2
751 562 2
883 562 2
402 562 1
322 563 2
65 563 2
110 563 2
538 563 1
239 563 1
497 563 1
59 563 2
650 563 2
966 564 2
553 564 2
361 564 2
683 564 1
935 564 2
304 564 2
14 564 2
258 564 1
157 565 2
191 565 2
473 565 2
88 565 1
142 565 2
167 565 1
159 565 2
456 565 1
320 566 2
510 566 2
162 566 2
146 566 2
500 566 2
792 566 1
189 566 2
355 566 2
737 567 2
546 567 1
12 567 1
193 567 1
235 567 1
361 567 1
912 567 2
55 567 1
400 568 1
637 568 1
953 568 2
196 568 2
822 568 2
742 568 2
37 568 2
480 568 2
763 569 1
944 569 1
869 569 1
621 569 1
718 569 2
159 569 1
348 569 1
461 569 1
264 570 1
944 570 1
497 570 2
895 570 2
773 570 2
70 570 1
903 570 2
306 570 1
953 571 2
225 571 1
201 571 1
594 571 1
790 571 2
562 571 1
748 571 2
605 571 2
497 572 2
70 572 1
563 572 2
951 572 1
856 572 2
265 572 1
958 572 2
761 572 1
712 573 2
823 573 1
410 573 2
492 573 1
772 573 2
127 573 1
599 573 2
257 573 2
806 574 2
462 574 1
207 574 1
580 574 1
424 574 2
259 574 1
171 574 1
675 574 1
106 575 2
762 575 1
497 575 1
327 575 1
180 575 2
522 575 1
922 575 2
144 575 1
830 576 1
545 576 1
576 576 2
456 576 1
910 576 2
309 576 1
725 576 1
570 576 1
753 577 2
384 577 2
954 577 2
957 577 1
588 577 2
862 577 2
745 577 2
399 577 1
155 578 2
589 578 1
68 578 1
67 578 1
195 578 2
89 578 2
743 578 2
125 578 2
14 579 2
816 579 2
113 579 1
101 579 1
798 579 1
572 579 1
906 579 1
943 579 1
794 580 1
895 580 1
297 580 2
578 580 1
753 580 2
751 580 2
586 580 2
378 580 1
701 581 2
757 581 1
845 581 1
498 581 1
370 581 1
264 581 1
557 581 2
768 581 1
156 582 1
464 582 1
239 582 2
350 582 1
101 582 2
512 582 2
879 582 2
60 582 1
992 583 2
810 583 2
718 583 2
173 583 1
590 583 2
866 583 1
621 583 2
65 583 1
551 584 1
153 584 1
242 584 1
7 584 1
581 584 2
319 584 2
952 584 2
228 584 2
498 585 1
646 585 1
533 585 2
165 585 1
808 585 1
163 585 1
175 585 2
51 585 2
493 586 2
928 586 1
81 586 2
431 586 2
534 586 1
808 586 1
184 586 2
456 586 2
0 587 2
624 587 1
638 587 2
372 587 1
818 587 2
345 587 1
513 587 2
199 587 2
990 588 2
603 588 1
160 588 2
10 588 2
115 588 2
187 588 2
771 588 2
941 588 2
149 589 2
723 589 2
834 589 2
814 589 1
645 589 2
703 589 2
616 589 2
464 589 1
815 590 2
149 590 1
481 590 2
260 590 1
994 590 2
820 590 1
54 590 2
211 590 1
517 591 2
944 591 1
89 591 2
608 591 1
153 591 2
275 591 1
473 591 2
536 591 1
812 592 2
643 592 2
751 592 1
20 592 1
796 592 2
416 592 1
909 592 1
924 592 1
963 593 2
135 593 1
400 593 2
560 593 2
773 593 2
948 593 1
916 593 1
968 593 1
521 594 2
592 594 1
785 594 2
875 594 2
368 594 2
708 594 1
27 594 2
831 594 1
39 595 2
518 595 2
311 595 1
125 595 1
313 595 2
748 595 1
775 595 1
753 595 1
162 596 2
19 596 1
371 596 2
996 596 2
194 596 2
523 596 1
853 596 1
94 596 1
881 597 2
746 597 2
334 597 2
674 597 1
161 597 2
540 597 1
977 597 1
375 597 1
742 598 2
596 598 1
220 598 2
332 598 2
82 598 2
228 598 1
827 598 2
887 598 2
106 599 2
431 599 2
535 599 2
310 599 2
263 599 1
569 599 1
993 599 2
961 599 1
95 600 2
745 600 2
587 600 2
579 600 1
740 600 2
578 600 2
540 600 2
454 600 1
175 601 2
760 601 1
135 601 2
139 601 2
576 601 2
413 601 1
840 601 2
381 601 2
848 602 2
251 602 1
697 602 2
825 602 1
685 602 1
430 602 1
50 602 1
353 602 1
234 603 2
722 603 1
153 603 2
979 603 2
791 603 2
435 603 2
91 603 1
515 603 1
274 604 2
422 604 2
26 604 1
224 604 1
158 604 2
416 604 1
818 604 2
469 604 1
634 605 1
720 605 1
487 605 2
105 605 1
972 605 2
867 605 1
65 605 2
383 605 2
110 606 2
135 606 1
365 606 2
67 606 2
416 606 2
877 606 1
717 606 2
781 606 1
982 607 1
637 607 1
367 607 2
645 607 2
20 607 2
249 607 1
306 607 2
127 607 2
918 608 1
627 608 1
549 608 2
498 608 1
617 608 2
611 608 1
929 608 2
983 608 2
359 609 1
382 609 1
425 609 1
486 609 1
125 609 2
292 609 1
973 609 2
948 609 2
39 610 2
879 610 1
707 610 2
79 610 2
422 610 1
344 610 1
151 610 2
738 610 1
286 611 1
177 611 1
129 611 2
143 611 1
844 611 2
402 611 1
911 611 2
742 611 1
885 612 2
282 612 1
660 612 2
175 612 1
925 612 2
573 612 1
931 612 2
155 612 1
170 613 2
88 613 2
111 613 2
301 613 2
59 613 2
235 613 1
141 613 2
357 613 1
211 614 2
513 614 1
606 614 2
904 614 1
632 614 2
680 614 1
496 614 2
373 614 1
864 615 2
235 615 1
863 615 2
784 615 2
339 615 2
31 615 1
967 615 2
544 615 2
351 616 2
707 616 1
591 616 2
602 616 2
999 616 2
62 616 2
462 616 1
463 616 1
918 617 2
371 617 1
1 617 1
436 617 1
415 617 2
448 617 1
559 617 2
280 617 1
732 618 1
21 618 1
992 618 2
293 618 1
278 618 1
39 618 1
240 618 2
343 618 2
940 619 1
908 619 1
651 619 2
177 619 2
54 619 2
179 619 1
646 619 2
652 619 1
158 620 2
726 620 1
659 620 2
672 620 1
450 620 1
308 620 1
400 620 2
450 620 2
535 621 2
463 621 2
723 621 2
949 621 1
438 621 2
89 621 2
618 621 2
621 621 1
14 622 2
32 622 2
445 622 2
612 622 1
520 622 2
432 622 1
483 622 2
782 622 1
233 623 1
546 623 1
236 623 2
688 623 1
582 623 2
383 623 1
683 623 2
265 623 2
461 624 2
428 624 2
517 624 2
74 624 1
687 624 2
174 624 1
81 624 1
33 624 1
687 625 2
335 625 1
84 625 2
907 625 1
192 625 2
273 625 2
647 625 2
637 625 2
95 626 2
26 626 1
168 626 2
783 626 2
560 626 2
430 626 2
81 626 2
322 626 1
304 627 2
730 627 2
836 627 2
728 627 1
954 627 1
240 627 1
972 627 2
661 627 1
445 628 2
674 628 1
408 628 1
485 628 1
385 628 2
978 628 1
262 628 2
161 628 1
907 629 2
385 629 1
712 629 2
540 629 1
362 629 1
267 629 1
959 629 2
796 629 1
954 630 2
596 630 2
825 630 2
532 630 2
200 630 2
100 630 1
303 630 2
354 630 1
46 631 1
853 631 1
268 631 2
59 631 2
231 631 1
140 631 1
587 631 1
925 631 1
456 632 2
91 632 1
193 632 2
935 632 2
335 632 2
314 632 1
20 632 2
875 632 1
490 633 2
312 633 1
526 633 2
197 633 2
758 633 2
652 633 1
766 633 2
491 633 1
254 634 2
736 634 1
283 634 2
270 634 1
29 634 2
210 634 2
755 634 2
388 634 1
629 635 2
33 635 1
664 635 2
925 635 2
658 635 2
353 635 1
331 635 2
798 635 2
705 636 1
611 636 1
650 636 2
121 636 1
860 636 2
123 636 2
926 636 2
49 636 1
511 637 2
221 637 1
322 637 2
229 637 2
948 637 2
547 637 1
477 637 2
692 637 1
115 638 2
711 638 1
372 638 2
64 638 2
606 638 2
154 638 1
696 638 2
955 638 1
478 639 2
828 639 1
624 639 2
807 639 1
364 639 1
319 639 1
582 639 2
905 639 1
101 640 1
359 640 1
205 640 1
435 640 1
115 640 2
197 640 1
68 640 1
726 640 1
256 641 2
38 641 2
185 641 2
45 641 1
967 641 2
440 641 1
734 641 1
648 641 1
853 642 2
472 642 2
787 642 2
224 642 1
934 642 2
929 642 1
56 642 2
422 642 1
149 643 2
743 643 1
727 643 1
957 643 1
619 643 1
367 643 1
647 643 2
765 643 2
140 644 2
895 644 1
620 644 2
138 644 1
266 644 2
883 644 1
895 644 2
703 644 1
502 645 2
638 645 1
245 645 2
888 645 2
865 645 2
578 645 1
374 645 2
920 645 1
883 646 1
865 646 1
87 646 2
736 646 1
475 646 2
367 646 1
831 646 1
390 646 1
489 647 2
804 647 2
697 647 1
695 647 1
632 647 2
251 647 2
468 647 2
701 647 2
888 648 2
114 648 1
990 648 2
75 648 2
660 648 2
530 648 1
143 648 1
948 648 1
646 649 1
205 649 1
54 649 2
210 649 2
574 649 2
523 649 1
971 649 2
983 649 2
545 650 2
551 650 2
456 650 2
690 650 1
823 650 2
175 650 2
979 650 2
183 650 2
545 651 2
435 651 1
306 651 2
943 651 2
332 651 1
775 651 1
621 651 2
112 651 1
511 652 1
914 652 1
486 652 2
820 652 1
399 652 2
243 652 1
97 652 2
217 652 1
863 653 2
939 653 1
266 653 2
814 653 1
523 653 2
411 653 1
68 653 2
618 653 2
632 654 2
439 654 1
433 654 2
899 654 1
346 654 2
115 654 1
478 654 2
776 654 1
572 655 2
706 655 2
400 655 2
810 655 1
923 655 2
430 655 1
544 655 1
130 655 1
55 656 2
241 656 1
57 656 2
639 656 1
515 656 1
867 656 1
27 656 2
33 656 1
376 657 2
170 657 2
877 657 2
974 657 1
855 657 2
161 657 1
270 657 2
280 657 1
506 658 1
699 658 1
523 658 2
775 658 2
133 658 2
518 658 1
137 658 1
132 658 1
82 659 1
955 659 1
248 659 1
784 659 1
328 659 2
789 659 2
905 659 2
759 659 1
482 660 2
876 660 2
559 660 2
877 660 1
584 660 2
322 660 2
824 660 1
758 660 1
93 661 2
474 661 1
89 661 2
519 661 2
686 661 2
250 661 1
679 661 2
254 661 2
872 662 1
613 662 1
358 662 2
750 662 1
473 662 2
171 662 1
964 662 2
34 662 1
640 663 2
998 663 2
534 663 1
587 663 1
921 663 1
825 663 1
833 663 2
706 663 1
72 664 2
628 664 1
255 664 2
457 664 2
643 664 2
106 664 2
564 664 2
57 664 1
967 665 2
703 665 1
882 665 2
937 665 2
601 665 1
678 665 1
720 665 2
324 665 1
271 666 2
375 666 1
566 666 2
625 666 2
956 666 2
668 666 1
913 666 1
17 666 1
261 667 2
389 667 1
72 667 2
994 667 2
672 667 2
93 667 2
772 667 2
841 667 1
773 668 2
180 668 1
591 668 2
463 668 2
575 668 2
509 668 2
920 668 2
385 668 2
947 669 2
914 669 2
633 669 2
435 669 2
373 669 2
817 669 2
440 669 2
506 669 1
441 670 2
318 670 1
48 670 2
525 670 2
881 670 1
577 670 1
167 670 1
43 670 1
690 671 2
599 671 1
18 671 2
581 671 1
2 671 2
463 671 1
143 671 2
595 671 1
990 672 2
510 672 1
864 672 1
893 672 1
953 672 1
242 672 1
314 672 2
303 672 1
280 673 2
352 673 1
389 673 2
206 673 1
789 673 2
679 673 1
777 673 1
389 673 1
477 674 2
957 674 2
506 674 2
74 674 1
452 674 2
489 674 2
652 674 1
186 674 1
551 675 2
252 675 1
102 675 2
945 675 2
808 675 2
451 675 2
828 675 2
617 675 2
454 676 2
413 676 2
441 676 2
606 676 1
602 676 2
844 676 1
109 676 2
179 676 1
874 677 2
358 677 2
129 677 2
413 677 1
344 677 2
363 677 1
622 677 2
413 677 1
443 678 1
879 678 1
597 678 2
903 678 1
565 678 2
819 678 1
856 678 1
501 678 1
880 679 2
430 679 1
646 679 2
877 679 1
10 679 2
864 679 1
361 679 2
65 679 1
257 680 1
374 680 1
560 680 2
818 680 2
882 680 2
750 680 1
428 680 2
789 680 1
34 681 2
163 681 1
53 681 2
674 681 1
525 681 2
135 681 1
904 681 1
901 681 1
426 682 2
851 682 1
310 682 2
457 682 2
32 682 2
293 682 1
460 682 2
921 682 1
188 683 2
56 683 1
555 683 2
521 683 1
977 683 2
635 683 2
982 683 1
184 683 1
771 684 2
417 684 2
974 684 2
59 684 1
159 684 2
961 684 1
324 684 2
127 684 1
242 685 1
660 685 1
391 685 2
138 685 1
855 685 2
358 685 1
102 685 2
703 685 1
506 686 1
463 686 1
616 686 1
725 686 1
596 686 1
714 686 1
692 686 2
353 686 1
445 687 2
911 687 1
202 687 2
299 687 1
418 687 2
459 687 1
754 687 2
798 687 1
734 688 1
85 688 1
716 688 1
469 688 1
140 688 1
492 688 1
341 688 2
747 688 1
393 689 2
229 689 1
361 689 2
138 689 2
786 689 1
102 689 1
278 689 2
990 689 2
536 690 2
880 690 2
494 690 2
967 690 2
366 690 2
442 690 2
45 690 2
934 690 1
737 691 2
221 691 2
868 691 2
185 691 1
318 691 2
699 691 1
711 691 1
445 691 1
452 692 1
626 692 1
586 692 2
59 692 2
117 692 2
944 692 1
341 692 2
392 692 2
729 693 2
157 693 2
872 693 2
859 693 1
162 693 1
445 693 1
817 693 2
143 693 1
164 694 2
878 694 1
159 694 2
703 694 1
283 694 2
377 694 2
183 694 2
110 694 1
174 695 2
287 695 1
575 695 2
744 695 1
773 695 2
952 695 1
893 695 2
124 695 2
491 696 1
117 696 1
268 696 2
89 696 1
649 696 2
382 696 1
615 696 1
675 696 1
372 697 2
996 697 1
760 697 2
37 697 1
106 697 1
379 697 1
989 697 2
386 697 1
871 698 2
15 698 2
686 698 1
672 698 1
569 698 1
129 698 1
536 698 2
879 698 1
290 699 1
76 699 1
492 699 2
750 699 2
617 699 1
121 699 1
227 699 2
730 699 1
315 700 2
151 700 2
882 700 2
196 700 2
155 700 2
143 700 1
667 700 2
367 700 1
436 701 1
415 701 1
826 701 2
607 701 2
752 701 1
471 701 1
965 701 2
46 701 1
17 702 2
767 702 1
862 702 2
785 702 1
948 702 1
421 702 1
496 702 2
621 702 2
950 703 2
948 703 2
963 703 2
142 703 1
991 703 1
228 703 1
442 703 2
239 703 1
671 704 2
893 704 1
310 704 2
486 704 1
202 704 1
58 704 1
641 704 2
376 704 1
727 705 2
234 705 2
326 705 2
396 705 1
793 705 2
370 705 1
355 705 1
149 705 1
414 706 2
459 706 1
866 706 2
820 706 1
500 706 2
682 706 1
784 706 1
244 706 1
858 707 2
251 707 2
159 707 1
260 707 1
547 707 2
133 707 2
351 707 2
78 707 2
17 708 2
218 708 2
975 708 2
478 708 1
264 708 2
812 708 1
389 708 1
922 708 1
409 709 1
327 709 1
301 709 2
37 709 2
374 709 2
324 709 1
242 709 2
60 709 1
979 710 2
630 710 1
546 710 2
258 710 2
739 710 2
704 710 1
558 710 1
698 710 1
265 711 2
315 711 1
646 711 2
351 711 2
444 711 2
384 711 1
193 711 1
488 711 1
482 712 2
394 712 2
846 712 2
480 712 2
408 712 1
287 712 1
709 712 1
734 712 1
179 713 1
18 713 1
372 713 2
907 713 2
829 713 1
741 713 1
914 713 2
315 713 1
211 714 2
731 714 1
198 714 2
126 714 1
359 714 2
537 714 2
786 714 2
561 714 1
860 715 2
326 715 2
811 715 1
657 715 1
829 715 2
886 715 2
61 715 1
505 715 1
155 716 2
471 716 1
337 716 2
63 716 1
281 716 2
372 716 1
288 716 2
670 716 1
38 717 2
298 717 1
473 717 2
306 717 1
678 717 1
904 717 1
837 717 1
741 717 1
676 718 2
31 718 1
72 718 2
54 718 2
816 718 2
294 718 2
831 718 2
465 718 2
197 719 2
147 719 1
698 719 1
476 719 1
761 719 2
432 719 1
659 719 1
323 719 1
445 720 1
526 720 1
874 720 2
312 720 1
705 720 1
524 720 1
574 720 2
900 720 1
549 721 2
603 721 1
850 721 1
794 721 1
913 721 2
346 721 2
742 721 2
85 721 1
677 722 2
898 722 1
642 722 2
240 722 1
545 722 1
602 722 1
102 722 2
20 722 2
21 723 1
450 723 1
79 723 2
273 723 2
794 723 1
405 723 1
14 723 1
477 723 1
967 724 2
437 724 1
663 724 2
416 724 2
790 724 2
191 724 1
963 724 2
12 724 1
896 725 1
367 725 1
150 725 2
115 725 2
500 725 2
48 725 1
513 725 2
984 725 2
912 726 2
523 726 1
291 726 2
890 726 2
196 726 2
781 726 2
188 726 1
469 726 1
470 727 2
304 727 2
748 727 2
338 727 1
858 727 2
461 727 2
823 727 2
528 727 2
557 728 2
459 728 1
873 728 2
623 728 1
184 728 1
359 728 1
716 728 1
803 728 1
841 729 2
610 729 1
185 729 1
431 729 1
453 729 2
281 729 1
593 729 2
541 729 1
992 730 2
756 730 2
403 730 2
59 730 2
659 730 2
961 730 1
155 730 2
940 730 1
78 731 2
893 731 1
543 731 1
937 731 1
80 731 2
404 731 2
640 731 2
166 731 1
380 732 2
543 732 1
374 732 2
101 732 1
867 732 2
414 732 1
650 732 1
529 732 1
67 733 1
103 733 1
800 733 2
254 733 1
156 733 1
470 733 1
174 733 2
267 733 1
74 734 2
760 734 2
998 734 2
714 734 1
758 734 2
271 734 1
993 734 2
237 734 1
213 735 1
318 735 1
956 735 2
341 735 2
986 735 2
568 735 1
707 735 1
561 735 1
925 736 2
165 736 1
385 736 2
616 736 2
465 736 2
929 736 1
3 736 1
277 736 1
231 737 2
36 737 1
124 737 2
531 737 1
699 737 2
217 737 1
597 737 2
50 737 1
728 738 2
333 738 2
552 738 2
109 738 1
685 738 2
155 738 2
480 738 2
775 738 1
965 739 2
907 739 1
490 739 2
438 739 1
65 739 1
132 739 1
675 739 2
25 739 1
275 740 2
44 740 1
924 740 2
217 740 1
465 740 2
878 740 1
46 740 2
108 740 2
236 741 2
780 741 1
406 741 2
926 741 1
818 741 2
275 741 1
503 741 2
293 741 1
852 742 2
898 742 1
725 742 2
343 742 1
887 742 2
433 742 1
318 742 2
57 742 1
723 743 2
444 743 1
862 743 1
751 743 1
246 743 2
132 743 1
405 743 2
782 743 1
153 744 2
816 744 1
337 744 2
653 744 2
748 744 2
903 744 1
928 744 2
753 744 2
1 745 2
890 745 1
724 745 2
526 745 1
979 745 2
297 745 1
571 745 2
971 745 1
559 746 1
656 746 1
853 746 2
164 746 2
549 746 2
710 746 2
166 746 2
84 746 1
510 747 2
341 747 2
375 747 2
435 747 1
822 747 1
280 747 1
139 747 1
41 747 1
781 748 1
3 748 1
221 748 2
879 748 1
837 748 2
282 748 1
414 748 2
869 748 1
600 749 2
183 749 1
665 749 2
99 749 1
805 749 2
98 749 2
177 749 2
783 749 1
596 750 1
171 750 1
645 750 2
127 750 2
510 750 2
765 750 2
965 750 1
999 750 1
843 751 2
405 751 2
867 751 1
92 751 1
586 751 2
575 751 2
876 751 2
659 751 2
964 752 2
648 752 2
396 752 1
48 752 1
966 752 2
567 752 2
56 752 2
934 752 1
443 753 1
211 753 1
800 753 2
822 753 2
317 753 2
468 753 1
406 753 2
909 753 1
545 754 2
461 754 1
579 754 1
54 754 1
8 754 2
445 754 1
267 754 1
574 754 1
121 755 2
361 755 2
516 755 2
355 755 2
950 755 2
654 755 1
519 755 1
83 755 1
55 756 2
959 756 1
254 756 2
515 756 1
556 756 2
153 756 2
380 756 2
904 756 1
490 757 2
952 757 2
913 757 1
201 757 1
376 757 1
370 757 1
29 757 2
613 757 2
543 758 1
916 758 1
717 758 2
536 758 2
620 758 2
299 758 1
729 758 1
446 758 1
422 759 2
953 759 2
306 759 1
336 759 1
492 759 2
514 759 1
907 759 2
960 759 2
123 760 1
44 760 1
585 760 2
800 760 1
984 760 2
783 760 1
520 760 1
867 760 1
10 761 2
229 761 1
223 761 2
210 761 1
138 761 2
535 761 1
185 761 2
808 761 1
207 762 2
545 762 1
937 762 2
305 762 1
340 762 1
513 762 1
639 762 1
339 762 1
887 763 1
534 763 1
957 763 1
595 763 1
857 763 1
414 763 1
146 763 1
63 763 1
665 764 2
445 764 2
695 764 1
355 764 1
528 764 2
83 764 1
829 764 2
918 764 1
824 765 2
684 765 2
679 765 2
76 765 1
986 765 2
386 765 1
460 765 2
924 765 1
456 766 2
140 766 1
179 766 2
762 766 1
311 766 2
828 766 2
987 766 1
818 766 1
133 767 2
442 767 1
835 767 2
338 767 1
327 767 2
501 767 1
565 767 2
78 767 1
866 768 2
425 768 1
921 768 2
385 768 1
297 768 2
634 768 1
65 768 2
452 768 1
342 769 2
170 769 1
509 769 1
275 769 1
853 769 2
690 769 2
109 769 1
730 769 1
186 770 2
586 770 1
876 770 2
732 770 2
953 770 2
975 770 1
583 770 1
707 770 1
952 771 2
166 771 1
44 771 2
134 771 1
616 771 2
883 771 1
9 771 1
53 771 1
451 772 2
275 772 1
340 772 2
297 772 2
181 772 2
71 772 1
722 772 1
517 772 1
387 773 1
585 773 1
855 773 2
766 773 1
230 773 2
124 773 1
443 773 1
764 773 1
519 774 2
767 774 1
877 774 2
368 774 1
87 774 2
674 774 2
44 774 2
309 774 2
908 775 2
792 775 1
34 775 1
187 775 1
290 775 2
527 775 2
763 775 2
191 775 1
225 776 1
157 776 1
738 776 1
302 776 1
417 776 2
699 776 1
17 776 2
47 776 1
349 777 2
81 777 1
396 777 2
81 777 1
265 777 2
62 777 1
710 777 1
280 777 1
630 778 2
119 778 1
912 778 1
146 778 1
932 778 2
995 778 2
654 778 2
986 778 1
656 779 2
239 779 1
719 779 2
812 779 1
919 779 2
843 779 2
634 779 2
249 779 1
786 780 2
91 780 1
176 780 2
488 780 1
470 780 2
539 780 1
102 780 2
305 780 2
89 781 2
264 781 2
11 781 2
789 781 2
378 781 2
549 781 1
162 781 2
574 781 2
346 782 1
25 782 1
861 782 2
419 782 1
974 782 2
142 782 2
94 782 2
530 782 1
522 783 2
496 783 1
509 783 2
695 783 1
228 783 2
174 783 2
257 783 2
158 783 1
533 784 1
663 784 1
235 784 2
755 784 1
761 784 2
989 784 1
590 784 2
860 784 1
291 785 2
888 785 1
690 785 2
61 785 2
806 785 2
805 785 1
613 785 1
718 785 1
291 786 2
908 786 1
255 786 2
5 786 1
239 786 1
457 786 1
338 786 1
586 786 1
924 787 2
591 787 2
540 787 1
458 787 1
46 787 2
665 787 1
131 787 1
744 787 1
640 788 2
991 788 1
560 788 1
752 788 1
26 788 2
325 788 2
447 788 2
503 788 1
155 789 1
435 789 1
626 789 2
58 789 1
543 789 1
654 789 1
500 789 2
350 789 2
698 790 2
961 790 1
883 790 2
720 790 2
323 790 2
951 790 1
947 790 2
906 790 2
658 791 2
930 791 1
403 791 2
619 791 1
725 791 2
796 791 1
611 791 2
402 791 1
888 792 2
727 792 2
161 792 2
966 792 2
165 792 1
746 792 1
756 792 2
91 792 1
349 793 2
205 793 2
243 793 2
921 793 2
148 793 2
573 793 1
316 793 2
451 793 1
906 794 2
224 794 2
545 794 2
919 794 1
247 794 2
955 794 1
376 794 2
936 794 1
369 795 2
943 795 1
399 795 1
933 795 1
43 795 2
978 795 1
520 795 1
72 795 1
471 796 2
988 796 1
66 796 2
212 796 1
950 796 2
121 796 1
516 796 1
381 796 1
341 797 2
400 797 2
257 797 1
485 797 1
92 797 2
994 797 2
149 797 1
113 797 1
77 798 2
933 798 2
973 798 2
251 798 1
912 798 2
227 798 1
797 798 2
216 798 2
619 799 2
991 799 1
163 799 1
257 799 1
864 799 2
491 799 1
54 799 2
822 799 1
533 800 1
101 800 1
7 800 2
80 800 1
836 800 2
133 800 2
948 800 2
340 800 2
920 801 2
809 801 1
190 801 2
187 801 1
714 801 2
390 801 1
241 801 1
253 801 1
931 802 2
228 802 2
732 802 2
853 802 1
702 802 2
865 802 1
850 802 2
856 802 2
991 803 1
839 803 1
58 803 2
301 803 2
874 803 2
52 803 2
548 803 1
349 803 1
679 804 2
976 804 1
312 804 2
612 804 1
583 804 2
69 804 1
527 804 1
487 804 1
254 805 2
609 805 1
892 805 1
502 805 1
697 805 2
328 805 1
210 805 2
916 805 1
795 806 2
319 806 2
503 806 2
79 806 1
367 806 2
899 806 1
502 806 2
236 806 1
935 807 2
524 807 1
43 807 1
756 807 1
521 807 2
76 807 1
146 807 1
667 807 1
342 808 2
174 808 1
994 808 2
746 808 1
617 808 2
845 808 1
322 808 2
629 808 1
730 809 2
389 809 1
608 809 2
385 809 1
461 809 1
456 809 1
902 809 2
674 809 1
603 810 2
280 810 2
65 810 2
989 810 1
355 810 1
16 810 1
991 810 2
270 810 1
100 811 2
938 811 2
145 811 2
98 811 1
142 811 2
238 811 1
683 811 1
816 811 1
439 812 2
881 812 1
922 812 2
416 812 2
703 812 2
818 812 2
914 812 2
399 812 2
202 813 1
624 813 1
100 813 2
173 813 2
229 813 2
872 813 2
268 813 1
356 813 1
850 814 2
216 814 1
235 814 2
348 814 1
964 814 2
378 814 2
505 814 1
718 814 1
390 815 2
177 815 2
24 815 2
394 815 1
990 815 2
90 815 1
602 815 2
926 815 1
531 816 1
390 816 1
877 816 2
249 816 1
857 816 2
910 816 1
685 816 2
684 816 1
526 817 2
896 817 1
527 817 1
936 817 1
260 817 2
329 817 2
395 817 2
104 817 1
426 818 2
762 818 1
879 818 1
79 818 1
77 818 2
256 818 1
174 818 2
897 818 2
357 819 2
931 819 1
217 819 2
439 819 1
182 819 2
203 819 2
405 819 2
326 819 2
188 820 2
503 820 1
574 820 1
224 820 1
754 820 2
572 820 2
803 820 2
289 820 1
300 821 2
35 821 1
440 821 2
774 821 1
49 821 2
734 821 1
555 821 2
234 821 1
877 822 2
258 822 1
839 822 2
113 822 1
93 822 2
625 822 1
315 822 1
335 822 1
352 823 1
592 823 1
407 823 1
812 823 1
576 823 1
863 823 1
463 823 2
607 823 2
848 824 2
433 824 1
436 824 2
501 824 1
801 824 2
409 824 1
167 824 1
845 824 1
966 825 2
469 825 1
750 825 2
635 825 1
7 825 2
936 825 1
53 825 2
672 825 2
66 826 2
618 826 1
816 826 1
93 826 1
898 826 2
347 826 2
480 826 2
746 826 1
806 827 2
387 827 1
530 827 2
190 827 2
390 827 2
842 827 2
122 827 2
114 827 2
512 828 1
288 828 1
695 828 2
764 828 2
271 828 2
982 828 1
758 828 2
321 828 2
676 829 2
43 829 2
677 829 2
361 829 1
424 829 2
744 829 1
99 829 2
771 829 2
31 830 2
704 830 1
39 830 2
404 830 1
521 830 2
146 830 2
240 830 2
892 830 2
470 831 2
525 831 1
79 831 2
646 831 1
808 831 2
440 831 1
186 831 2
250 831 1
493 832 2
993 832 1
477 832 2
503 832 1
662 832 2
68 832 1
788 832 1
58 832 1
75 833 2
637 833 2
525 833 1
881 833 1
926 833 2
745 833 1
516 833 1
908 833 1
779 834 2
4 834 1
93 834 2
123 834 2
11 834 2
725 834 1
677 834 1
943 834 1
923 835 1
183 835 1
701 835 1
406 835 1
477 835 1
44 835 1
109 835 2
70 835 2
40 836 2
91 836 1
376 836 1
83 836 1
401 836 2
434 836 1
14 836 2
732 836 2
279 837 2
88 837 1
31 837 2
516 837 2
276 837 2
16 837 1
521 837 2
761 837 1
579 838 1
650 838 1
369 838 2
444 838 1
893 838 2
204 838 2
273 838 2
927 838 1
829 839 2
932 839 1
276 839 2
732 839 2
728 839 2
922 839 1
638 839 2
705 839 1
467 840 2
603 840 2
131 840 2
361 840 1
986 840 1
478 840 1
933 840 2
327 840 1
832 841 1
599 841 1
802 841 2
246 841 1
474 841 2
362 841 1
61 841 1
74 841 1
300 842 2
105 842 1
112 842 1
156 842 1
456 842 1
872 842 1
150 842 2
933 842 2
972 843 2
392 843 1
270 843 2
997 843 1
487 843 2
884 843 2
290 843 2
576 843 1
725 844 2
474 844 1
686 844 2
931 844 2
859 844 1
482 844 1
778 844 2
233 844 2
894 845 1
610 845 1
124 845 1
433 845 1
327 845 2
449 845 1
123 845 2
259 845 2
237 846 1
260 846 1
823 846 1
830 846 1
392 846 1
818 846 1
295 846 2
909 846 2
630 847 2
332 847 1
26 847 2
942 847 1
48 847 1
822 847 1
370 847 1
788 847 1
323 848 2
867 848 2
306 848 1
911 848 1
507 848 2
651 848 2
391 848 2
857 848 1
709 849 2
284 849 1
838 849 2
724 849 2
336 849 2
480 849 1
149 849 1
185 849 1
50 850 2
756 850 2
684 850 2
936 850 1
212 850 2
730 850 1
805 850 2
964 850 1
859 851 2
492 851 1
606 851 2
101 851 2
258 851 2
283 851 1
342 851 2
375 851 1
275 852 1
170 852 1
976 852 1
450 852 1
777 852 2
311 852 1
984 852 1
515 852 1
627 853 1
941 853 1
331 853 1
76 853 1
30 853 2
493 853 2
945 853 2
674 853 2
823 854 2
476 854 1
781 854 1
655 854 1
220 854 2
700 854 1
160 854 1
921 854 1
750 855 2
628 855 1
769 855 2
802 855 1
398 855 2
355 855 2
273 855 2
578 855 1
830 856 1
455 856 1
542 856 1
848 856 1
870 856 2
511 856 2
537 856 2
425 856 1
836 857 2
924 857 1
337 857 1
759 857 1
349 857 1
979 857 1
583 857 2
487 857 2
544 858 1
875 858 1
482 858 2
514 858 1
937 858 2
14 858 1
191 858 2
972 858 1
250 859 2
959 859 2
624 859 2
877 859 1
26 859 2
82 859 1
799 859 2
306 859 1
361 860 2
175 860 1
911 860 2
42 860 1
541 860 2
207 860 1
780 860 1
888 860 1
296 861 2
509 861 1
582 861 2
872 861 1
680 861 2
883 861 2
94 861 2
286 861 1
88 862 2
735 862 1
590 862 1
152 862 1
529 862 1
89 862 1
992 862 2
736 862 1
535 863 1
712 863 1
939 863 2
114 863 1
19 863 2
457 863 1
608 863 2
94 863 1
155 864 1
885 864 1
622 864 1
480 864 1
208 864 2
597 864 1
65 864 2
690 864 1
29 865 2
774 865 2
674 865 2
668 865 2
659 865 1
548 865 1
261 865 2
655 865 2
572 866 2
818 866 1
233 866 1
158 866 1
38 866 2
482 866 1
852 866 2
883 866 1
335 867 2
508 867 1
401 867 2
537 867 2
101 867 1
396 867 1
798 867 2
814 867 1
93 868 2
410 868 2
772 868 2
696 868 2
177 868 2
284 868 2
676 868 2
142 868 1
422 869 1
125 869 1
909 869 2
197 869 1
766 869 2
360 869 1
989 869 2
424 869 2
711 870 2
865 870 1
694 870 1
147 870 1
296 870 1
990 870 1
927 870 2
796 870 2
30 871 2
823 871 2
98 871 2
190 871 2
978 871 2
802 871 1
135 871 2
213 871 1
516 872 1
676 872 1
417 872 1
637 872 1
882 872 2
341 872 1
280 872 2
840 872 2
649 873 1
518 873 1
509 873 2
276 873 2
199 873 2
330 873 2
396 873 2
636 873 1
841 874 2
972 874 1
542 874 2
676 874 2
163 874 2
58 874 1
260 874 2
263 874 2
331 875 2
921 875 2
125 875 2
229 875 1
394 875 2
357 875 1
659 875 2
135 875 1
561 876 2
452 876 2
254 876 1
530 876 1
970 876 2
3 876 2
318 876 2
921 876 1
702 877 2
177 877 2
409 877 2
252 877 1
524 877 2
964 877 1
692 877 2
412 877 1
448 878 2
227 878 1
675 878 2
989 878 1
144 878 1
535 878 1
704 878 2
538 878 2
536 879 2
282 879 1
398 879 1
963 879 1
56 879 2
764 879 1
93 879 2
842 879 1
599 880 1
242 880 1
45 880 2
460 880 1
63 880 2
722 880 2
632 880 1
697 880 1
568 881 1
339 881 1
25 881 2
118 881 1
901 881 2
154 881 1
286 881 2
26 881 1
189 882 2
500 882 2
417 882 2
775 882 1
130 882 2
46 882 2
583 882 1
569 882 1
47 883 2
995 883 1
662 883 2
889 883 1
333 883 2
529 883 1
488 883 2
744 883 2
903 884 1
112 884 1
997 884 2
207 884 1
899 884 2
491 884 2
509 884 2
280 884 1
20 885 2
645 885 1
689 885 2
844 885 1
695 885 2
734 885 1
19 885 2
100 885 2
837 886 2
969 886 1
578 886 2
339 886 1
371 886 2
833 886 1
91 886 1
424 886 1
713 887 2
976 887 1
37 887 2
806 887 2
219 887 2
933 887 1
239 887 2
14 887 2
860 888 2
582 888 1
212 888 2
726 888 2
576 888 1
69 888 1
882 888 2
648 888 2
191 889 2
842 889 1
368 889 2
771 889 1
810 889 1
227 889 1
16 889 2
498 889 1
92 890 2
921 890 2
817 890 2
20 890 2
285 890 2
351 890 1
663 890 2
758 890 1
434 891 2
832 891 1
724 891 1
221 891 1
355 891 2
151 891 2
481 891 2
526 891 1
441 892 1
469 892 1
997 892 2
171 892 1
571 892 2
910 892 1
814 892 2
63 892 2
307 893 1
885 893 1
140 893 2
472 893 1
460 893 2
165 893 2
850 893 2
305 893 2
350 894 2
734 894 1
0 894 1
932 894 1
575 894 2
80 894 2
8 894 2
721 894 2
719 895 2
38 895 1
167 895 2
366 895 2
70 895 2
925 895 1
674 895 2
461 895 1
92 896 1
787 896 1
317 896 2
734 896 1
416 896 2
888 896 1
842 896 2
688 896 1
111 897 2
186 897 1
651 897 1
686 897 1
727 897 1
636 897 1
288 897 2
707 897 1
719 898 2
203 898 2
30 898 1
758 898 1
851 898 2
903 898 1
914 898 2
241 898 1
932 899 2
439 899 1
98 899 2
923 899 1
215 899 2
66 899 2
781 899 1
980 900 1
428 900 1
359 900 1
851 900 1
117 900 2
867 900 2
936 900 1
737 900 1
656 901 2
986 901 1
257 901 2
854 901 1
801 901 2
808 901 1
172 901 1
545 901 1
787 902 2
6 902 2
35 902 2
692 902 1
946 902 2
405 902 1
43 902 1
973 902 1
524 903 1
526 903 1
366 903 2
945 903 2
135 903 1
88 903 1
798 903 1
413 903 1
524 904 2
2 904 1
987 904 1
141 904 1
309 904 1
934 904 1
99 904 2
553 904 2
558 905 2
534 905 1
56 905 1
244 905 1
684 905 1
917 905 1
611 905 2
277 905 1
564 906 2
888 906 2
412 906 1
488 906 1
950 906 2
568 906 1
980 906 2
994 906 2
935 907 2
881 907 1
159 907 2
5 907 1
608 907 2
591 907 1
733 907 2
304 907 1
90 908 2
122 908 2
18 908 2
53 908 1
542 908 1
994 908 1
198 908 1
916 908 1
683 909 1
953 909 1
374 909 2
171 909 1
919 909 2
613 909 1
991 909 2
977 909 2
178 910 2
222 910 2
654 910 2
403 910 1
634 910 1
57 910 1
670 910 2
283 910 1
661 911 2
536 911 1
22 911 1
927 911 1
610 911 1
73 911 1
573 911 1
132 911 1
557 912 2
259 912 1
109 912 2
723 912 1
294 912 2
444 912 1
906 912 2
20 912 2
514 913 2
919 913 1
325 913 2
545 913 1
628 913 2
510 913 2
301 913 1
303 913 1
697 914 2
494 914 1
375 914 2
170 914 1
609 914 2
123 914 2
420 914 1
555 914 1
769 915 2
318 915 1
888 915 2
5 915 1
352 915 2
528 915 1
366 915 2
962 915 1
693 916 1
313 916 1
166 916 1
457 916 1
401 916 1
500 916 1
126 916 2
808 916 1
11 917 2
346 917 2
625 917 2
626 917 1
362 917 2
37 917 1
921 917 2
559 917 1
446 918 1
669 918 1
64 918 2
127 918 1
608 918 2
65 918 2
43 918 2
781 918 2
54 919 2
78 919 2
525 919 2
956 919 1
355 919 2
273 919 1
878 919 2
182 919 1
976 920 1
452 920 1
303 920 2
400 920 2
856 920 2
445 920 1
922 920 2
697 920 2
78 921 2
313 921 1
217 921 2
961 921 2
605 921 2
976 921 1
439 921 2
586 921 2
153 922 2
286 922 1
803 922 2
955 922 1
811 922 2
245 922 2
57 922 1
2 922 1
338 923 2
467 923 2
304 923 2
503 923 1
716 923 2
840 923 2
99 923 2
277 923 1
409 924 2
970 924 1
923 924 1
732 924 1
675 924 2
146 924 2
43 924 1
131 924 1
679 925 2
371 925 2
211 925 2
625 925 2
613 925 1
87 925 1
126 925 2
416 925 1
181 926 2
202 926 1
415 926 1
640 926 1
683 926 2
160 926 1
100 926 1
247 926 1
748 927 2
619 927 1
472 927 2
937 927 1
859 927 1
531 927 1
961 927 1
915 927 1
554 928 2
586 928 2
289 928 2
689 928 2
417 928 2
360 928 1
124 928 2
815 928 2
738 929 1
904 929 1
671 929 2
39 929 1
945 929 1
698 929 1
356 929 2
817 929 2
777 930 2
423 930 1
16 930 2
690 930 1
377 930 2
260 930 1
762 930 1
797 930 1
329 931 2
196 931 1
299 931 2
911 931 2
190 931 2
533 931 2
434 931 2
166 931 1
87 932 2
187 932 2
217 932 2
346 932 1
967 932 2
110 932 1
658 932 2
772 932 1
494 933 2
917 933 2
289 933 2
662 933 1
179 933 2
528 933 1
685 933 1
549 933 1
697 934 2
16 934 1
969 934 2
410 934 1
800 934 2
124 934 1
497 934 2
646 934 1
575 935 2
332 935 1
467 935 1
771 935 1
128 935 2
650 935 1
773 935 2
295 935 1
686 936 1
508 936 1
247 936 1
395 936 1
525 936 1
338 936 1
296 936 2
994 936 1
770 937 1
720 937 1
424 937 2
555 937 1
753 937 2
411 937 1
559 937 1
667 937 1
103 938 2
49 938 1
135 938 2
359 938 1
990 938 2
899 938 2
530 938 2
596 938 2
685 939 2
478 939 2
599 939 2
216 939 2
287 939 1
121 939 1
318 939 2
786 939 2
2 940 2
141 940 1
235 940 1
340 940 1
649 940 2
138 940 1
329 940 2
177 940 1
366 941 2
571 941 2
200 941 2
432 941 2
251 941 2
866 941 2
576 941 1
748 941 1
817 942 1
580 942 1
763 942 2
768 942 1
718 942 2
898 942 2
935 942 2
628 942 1
370 943 2
645 943 1
256 943 1
205 943 1
845 943 2
58 943 1
708 943 2
591 943 1
403 944 2
322 944 1
28 944 2
523 944 1
812 944 2
372 944 2
735 944 1
954 944 1
13 945 2
14 945 1
76 945 1
662 945 1
436 945 2
160 945 2
571 945 2
756 945 1
787 946 2
126 946 1
349 946 2
337 946 1
656 946 2
408 946 2
886 946 2
654 946 2
107 947 1
247 947 1
917 947 2
161 947 2
667 947 2
400 947 2
833 947 2
308 947 1
594 948 1
547 948 1
835 948 2
848 948 1
210 948 2
337 948 2
570 948 2
417 948 1
878 949 1
477 949 1
634 949 2
194 949 1
716 949 2
383 949 1
40 949 2
540 949 1
343 950 1
82 950 1
242 950 1
997 950 1
690 950 2
559 950 2
117 950 2
393 950 1
897 951 2
707 951 1
106 951 2
662 951 2
349 951 1
959 951 1
986 951 2
369 951 1
156 952 2
542 952 2
278 952 2
898 952 1
534 952 2
624 952 1
425 952 2
773 952 2
787 953 2
259 953 1
905 953 2
336 953 2
999 953 2
309 953 2
977 953 2
571 953 2
909 954 2
6 954 2
212 954 2
736 954 1
154 954 2
8 954 2
340 954 1
761 954 1
272 955 1
478 955 1
929 955 2
103 955 2
850 955 1
326 955 1
508 955 2
743 955 1
954 956 2
435 956 1
41 956 2
779 956 1
352 956 2
312 956 1
772 956 2
191 956 2
978 957 1
873 957 1
403 957 2
706 957 1
469 957 2
378 957 1
720 957 2
470 957 1
925 958 2
252 958 1
623 958 2
909 958 2
115 958 2
38 958 2
97 958 1
741 958 1
713 959 1
981 959 1
122 959 1
502 959 1
881 959 2
127 959 2
646 959 1
876 959 1
969 960 2
785 960 2
351 960 2
807 960 1
80 960 1
261 960 1
824 960 2
658 960 1
937 961 1
666 961 1
479 961 2
133 961 1
373 961 2
156 961 1
791 961 1
315 961 1
71 962 2
559 962 1
429 962 2
618 962 1
188 962 1
186 962 1
562 962 2
673 962 2
128 963 2
598 963 1
334 963 2
740 963 1
272 963 2
31 963 2
432 963 2
891 963 2
394 964 2
633 964 2
362 964 1
585 964 1
322 964 2
636 964 1
963 964 2
369 964 1
722 965 2
6 965 1
980 965 1
299 965 1
343 965 2
37 965 2
861 965 2
77 965 1
41 966 1
617 966 1
127 966 2
447 966 1
138 966 1
534 966 1
731 966 2
870 966 2
843 967 2
994 967 1
877 967 2
804 967 2
182 967 2
713 967 1
477 967 2
12 967 1
282 968 2
726 968 1
47 968 2
156 968 1
319 968 2
434 968 1
789 968 2
156 968 1
620 969 1
815 969 1
531 969 2
456 969 2
867 969 1
272 969 1
708 969 2
831 969 1
355 970 1
728 970 1
500 970 1
69 970 1
437 970 2
760 970 1
259 970 2
417 970 2
522 971 1
511 971 1
148 971 2
215 971 1
891 971 2
971 971 1
171 971 2
164 971 1
934 972 2
884 972 1
314 972 1
997 972 1
670 972 2
219 972 2
391 972 2
844 972 1
961 973 2
59 973 1
415 973 3
488 973 2
870 973 1
974 973 2
681 973 1
725 974 2
530 974 2
521 974 2
344 974 1
105 974 1
125 974 1
575 974 2
743 974 2
391 975 2
289 975 1
414 975 2
239 975 1
227 975 2
544 975 2
530 975 1
957 975 1
80 976 2
200 976 1
851 976 2
668 976 1
210 976 1
228 976 1
559 976 2
998 976 1
62 977 2
714 977 1
147 977 2
880 977 1
76 977 2
108 977 1
61 977 1
113 977 1
372 978 1
337 978 1
301 978 2
483 978 1
889 978 2
820 978 1
42 978 1
180 978 1
327 979 2
987 979 2
582 979 2
560 979 1
591 979 2
326 979 2
203 979 2
934 979 2
545 980 1
599 980 1
561 980 2
903 980 2
547 980 2
906 980 1
662 980 2
186 980 1
410 981 2
894 981 1
613 981 2
260 981 1
0 981 2
383 981 1
623 981 2
462 981 1
963 982 2
24 982 2
118 982 2
433 982 1
471 982 2
107 982 1
521 982 2
507 982 1
772 983 2
93 983 1
9 983 2
714 983 1
956 983 2
800 983 1
742 983 2
696 983 2
756 984 2
179 984 1
117 984 2
930 984 1
260 984 2
174 984 1
366 984 2
719 984 1
973 985 2
697 985 1
555 985 2
288 985 1
169 985 1
579 985 1
269 985 2
410 985 2
144 986 1
685 986 1
258 986 2
470 986 2
810 986 2
24 986 1
737 986 2
347 986 1
996 987 2
592 987 1
8 987 2
396 987 2
802 987 2
449 987 2
458 987 2
619 987 1
533 988 2
416 988 1
726 988 2
497 988 2
340 988 1
389 988 1
994 988 2
872 988 1
29 989 2
766 989 1
202 989 1
344 989 1
421 989 1
360 989 1
461 989 2
503 989 1
915 990 2
974 990 1
53 990 2
125 990 1
585 990 2
238 990 1
632 990 2
418 990 1
270 991 1
104 991 1
413 991 1
230 991 1
940 991 2
659 991 2
30 991 2
823 991 1
525 992 1
275 992 1
740 992 2
281 992 1
850 992 2
734 992 2
834 992 2
251 992 1
651 993 2
409 993 2
821 993 1
894 993 1
350 993 1
771 993 1
391 993 2
321 993 2
900 994 2
210 994 1
481 994 1
937 994 1
736 994 2
644 994 1
358 994 2
570 994 2
438 995 1
966 995 1
986 995 2
311 995 1
200 995 1
355 995 1
687 995 2
863 995 1
528 996 2
537 996 1
693 996 1
24 996 1
257 996 1
487 996 1
119 996 2
399 996 2
380 997 2
597 997 2
959 997 1
185 997 1
277 997 1
222 997 1
802 997 2
596 997 1
236 998 1
708 998 1
292 998 2
518 998 1
766 998 2
951 998 1
843 998 2
351 998 1
820 999 2
253 999 1
582 999 2
56 999 2
489 999 2
144 999 1
282 999 2
697 999 2
0 0 0
